//////////////////////Header//////////////////////
StaticObjectCount: 14
SkinnedObjectCount: 6
InstancedObjectCount: 31
//////////////////////StaticObjects//////////////////////

house_5 
T: 27.8 0 19.85
R: 0 -0.7071068 -0.7071068 0
S: 1 0.7156647 1

angelStatue
T: 0 0 0
R: 0 0 0 1
S: 1 1 1

house_6
T: 33.9 0 -29.7
R: -0.5 -0.5 -0.5 0.5
S: 1 0.7750348 1

house_4 
T: -30.7 -1.543926E-17 -34.5
R: -0.5 -0.5 -0.5 0.5
S: 1 0.7500979 1

house_5
T: 27.8 0 37.59
R: -0.5 0.5 0.5 0.5
S: 1 0.7156647 1

house_5 
T: -37.11 0 25
R: -0.5 0.5 0.5 0.5
S: 1 0.7156647 1

house_2
T: 2.6 0 -39.4
R: -0.5 -0.5 -0.5 0.5
S: 1 0.6873733 1

house_6
T: 33.9 0 -6
R: -0.5 -0.5 -0.5 0.5
S: 1 0.7750348 1

house_1
T: 10.47 0 35.71
R: -0.5 -0.5 -0.5 0.5
S: 1 1 1

house_4
T: -6.6 -1.543926E-17 38
R: -0.5 0.5 0.5 0.5
S: 1 0.7500979 1

house_3
T: -41.6 0 -2.7
R: -0.7071068 0 0 0.7071068
S: 1 0.7747867 1

Cube
T: 5.81 0.5 -18.32
R: 0 0 0 1
S: 1 1 1

Cube
T: 6.05 0.45 -0.83
R: 0 0 0 1
S: 1 1 1

Plane
T: 0 0 0
R: 0 0 0 1
S: 10 1 10

//////////////////////InstancedObjects//////////////////////
fence1
T: 48.9 5.87 -33.1
R: 0 -0.7071068 0 0.7071068
S: 0.1 0.1 0.1

fence1
T: -3.800002 5.87 49.4
R: 0 0 0 1
S: 0.1000001 0.1 0.1000001

fence1
T: 48.9 5.87 -45.88
R: 0 -0.7071068 0 0.7071068
S: 0.06198658 0.1 0.1

fence1
T: -49.3 5.87 -1.600004
R: 0 -0.7071068 0 0.7071068
S: 0.1000001 0.1 0.1000001

fence1
T: -46.8 5.87 49.4
R: 0 0 0 1
S: 0.04514687 0.1 0.1000001

fence1 
T: -49.3 5.9 43.4
R: 0 -0.7071068 0 0.7071068
S: 0.07176111 0.1 0.1000001

fence1
T: -49.3 5.87 14.2
R: 0 -0.7071068 0 0.7071068
S: 0.1000001 0.1 0.1000001

fence1
T: 12 5.87 49.4
R: 0 0 0 1
S: 0.1000001 0.1 0.1000001

fence1
T: -49.3 5.87 -17.40001
R: 0 -0.7071068 0 0.7071068
S: 0.1000001 0.1 0.1000001

fence1 
T: -49.3 5.87 -45.55
R: 0 -0.7071068 0 0.7071068
S: 0.05776949 0.1 0.1000001

fence1
T: -46.7 5.87 -50.4
R: 0 0 0 1
S: 0.0448976 0.1 0.1000001

fence1
T: 27.7 5.87 -50.4
R: 0 0 0 1
S: 0.1000001 0.1 0.1000001

fence1
T: 12 5.87 -50.4
R: 0 0 0 1
S: 0.1000001 0.1 0.1000001

fence1
T: 48.9 5.87 -1.6
R: 0 -0.7071068 0 0.7071068
S: 0.1 0.1 0.1

fence1
T: 48.9 5.87 29.9
R: 0 -0.7071068 0 0.7071068
S: 0.1 0.1 0.1

fence1
T: 42.61 5.87 49.4
R: 0 0 0 1
S: 0.08894827 0.1 0.1000001

fence1
T: 48.9 5.87 43.14
R: 0 -0.7071068 0 0.7071068
S: 0.06777998 0.1 0.1

fence1
T: 48.9 5.87 14.2
R: 0 -0.7071068 0 0.7071068
S: 0.1 0.1 0.1

fence1
T: -19.6 5.87 49.40001
R: 0 0 0 1
S: 0.1000001 0.1 0.1000001

fence1
T: -35.3 5.87 -50.4
R: 0 0 0 1
S: 0.1000001 0.1 0.1000001

fence1 
T: -49.3 5.87 -33.10001
R: 0 -0.7071068 0 0.7071068
S: 0.1000001 0.1 0.1000001

fence1 
T: 27.7 5.87 49.4
R: 0 0 0 1
S: 0.1000001 0.1 0.1000001

fence1
T: 48.9 5.87 -17.4
R: 0 -0.7071068 0 0.7071068
S: 0.1 0.1 0.1

fence1 
T: -49.3 5.87 29.9
R: 0 -0.7071068 0 0.7071068
S: 0.1000001 0.1 0.1000001

fence1
T: -3.800002 5.87 -50.4
R: 0 0 0 1
S: 0.1000001 0.1 0.1000001

fence1 
T: 41.9 5.87 -50.4
R: 0 0 0 1
S: 0.07994998 0.1 0.1000001

fence1
T: -35.3 5.87 49.40001
R: 0 0 0 1
S: 0.1000001 0.1 0.1000001

fence1
T: -19.6 5.87 -50.4
R: 0 0 0 1
S: 0.1000001 0.1 0.1000001

fence1
T: -49.3 5.87 14.2
R: 0 -0.7071068 0 0.7071068
S: 0.1000001 0.1 0.1000001

fence1
T: 12 5.87 49.4
R: 0 0 0 1
S: 0.1000001 0.1 0.1000001

fence1
T: 12 5.87 -50.4
R: 0 0 0 1
S: 0.1000001 0.1 0.1000001

//////////////////////SkinnedObjects//////////////////////
Clown
T: -4.02 0.2 7.88
R: -0.7009093 0 0 0.7132505
S: 0.13 0.13 0.13

ClowncameraOffset
T: -7.751 2.332356 7.878215

Clown
T: -10.86 0.2 -0.58
R: -0.7009093 0 0 0.7132505
S: 0.13 0.13 0.13

ClowncameraOffset
T: -14.591 2.332356 -0.5817855

Clown
T: -10.86 0.2 7.88
R: -0.7009093 0 0 0.7132505
S: 0.13 0.13 0.13

ClowncameraOffset
T: -14.591 2.332356 7.878215

Clown
T: -6.92 0.2 3.9
R: -0.7009093 0 0 0.7132505
S: 0.13 0.13 0.13

ClowncameraOffset
T: -10.651 2.332356 3.898215

Clown
T: 4.602 0.2 0
R: -0.7009093 0 0 0.7132505
S: 0.13 0.13 0.13

ClowncameraOffset
T: 0.8710003 2.332356 -0.001785517

Clown
T: -0.69 0.2 -8.59
R: -0.7009093 0 0 0.7132505
S: 0.13 0.13 0.13

ClowncameraOffset
T: -4.421 2.332356 -8.591785

