//////////////////////Header//////////////////////
StaticObjectCount: 72
SkinnedObjectCount: 21
InstancedObjectCount: 193
//////////////////////StaticObjects//////////////////////

flare
T: -32.56 10.62453 19.00724
R: -0.7068661 0 0 0.7073474
S: 1 1 1

flare
T: -32.56 10.65043 -19.05274
R: -0.7068661 0 0 0.7073474
S: 1 1 1

flare
T: -47.48 8.890435 -19.05394
R: -0.7068661 0 0 0.7073474
S: 1 1 1

flare
T: -47.48 8.864426 19.15605
R: -0.7068661 0 0 0.7073474
S: 1 1 1

flare
T: -47.48 8.845312 47.23604
R: -0.7068661 0 0 0.7073474
S: 1 1 1

flare
T: 47.28 8.845312 47.23604
R: -0.7068661 0 0 0.7073474
S: 1 1 1

flare
T: 47.28 8.909998 -47.79393
R: -0.7068661 0 0 0.7073474
S: 1 1 1

flare
T: -47.8 8.909998 -47.79393
R: -0.7068661 0 0 0.7073474
S: 1 1 1

Food_a
T: -40.725 0.9590423 12.37167
R: -0.3773474 0.4487826 0.5905908 0.5544418
S: 0.01 0.01 0.01

Hay_b
T: -35.7 0.176176 -12.79987
R: -0.7071068 0 0 0.7071068
S: 0.01 0.01 0.01

Building_b
T: 32 0.4469745 30.10033
R: 0.2981163 0.6412749 0.6410623 -0.2982152
S: 0.01 0.01 0.01

Barrel
T: -35.3 0.04817943 28.33006
R: -0.7071068 0 0 0.7071068
S: 0.01 0.01000002 0.01000002

Building_b
T: -14.09 -0.009373033 -34.03
R: -0.7068661 0 0 0.7073474
S: 0.009999997 0.01 0.01

Building_e
T: 31.6 0.3853652 -26.29973
R: -0.7069839 -0.002787193 -0.002786728 0.7072186
S: 0.01 0.01 0.01000001

Tent
T: -40.18 0.2586279 12.98019
R: -0.7071068 0 0 0.7071068
S: 0.01 0.01000001 0.01000001

tower_corner
T: 47.8 0 -47.8
R: 0 0.7073474 0.7068661 0
S: 1 1 1

Crate
T: -20.07 -0.09101029 -46.32006
R: -0.7065138 -0.02895363 -0.02895361 0.7065138
S: 0.01 0.01000002 0.01000002

Tent
T: -39.8 0.2766797 -13.5398
R: -0.004728711 0.707091 0.7070909 0.004728989
S: 0.01 0.01000001 0.01000001

Building_c
T: 21.5 0.4565041 16.10033
R: -0.4992557 0.5009 0.5007431 0.4990985
S: 0.01000002 0.01000001 0.01000001

Tent
T: -35.34 0.2585939 13.03019
R: -0.7071068 0 0 0.7071068
S: 0.01 0.01000001 0.01000001

tower_corner
T: -47.8 -0.01000118 -19.8
R: -0.7071068 0 0 0.7071067
S: 1 1 1

tower_corner
T: -47.8 0 -47.8
R: -0.7071068 0 0 0.7071067
S: 1 0.9999997 0.9999997

Hay_b
T: 32.09 -0.05440108 17.42998
R: -0.7071068 0 0 0.7071068
S: 0.01 0.01000001 0.01000001

Sewers_entrance
T: -39.07 0.08722974 -43.72994
R: -0.6552877 0.2657029 0.2657029 0.6552877
S: 0.01 0.01000001 0.01000001

Building_b
T: -33 0.3904023 -33.69973
R: 0.4930773 -0.506833 -0.5066643 -0.4932407
S: 0.009999999 0.01 0.01

angelStatue
T: 0 0 0
R: 0 0 0 1
S: 2 2 2

Building_c
T: -7.889999 0.4047759 33.33029
R: -0.0001111661 0.7071069 0.7071068 -0.0001110149
S: 0.01000002 0.01000001 0.01000001

Building_d
T: 35.90001 0.3586143 13.00026
R: -0.5000349 -0.5000349 -0.4999651 0.4999651
S: 0.01 0.01 0.01

Crate
T: -33.83 0.01819764 -15.76998
R: -0.7071068 0 0 0.7071068
S: 0.01 0.01000001 0.01000001

Sack_a
T: -46.64 -0.002718329 44.34002
R: -0.6393902 0.3019605 0.3019605 0.6393903
S: 0.01 0.01000001 0.01000001

Tent
T: -46.93 0.2814683 -5.226086
R: 0.4970775 0.5029057 0.5029053 -0.4970775
S: 0.01 0.01000001 0.01000001

tower_corner
T: 47.8 -2.384186E-06 47.8
R: 0 0.7073474 0.7068661 0
S: 1 1 1

Tent
T: 11.4 0.2599122 -32.97982
R: -0.002464434 -0.7071026 -0.7071023 0.002464634
S: 0.01 0.01000002 0.01000002

Sewers_entrance
T: -38.54 0.0399023 40.49005
R: -0.7071068 0 0 0.7071068
S: 0.01 0.01 0.01

Tent
T: 7.710003 0.259919 -32.98982
R: -0.002464434 -0.7071026 -0.7071023 0.002464634
S: 0.009999989 0.01000001 0.01000001

Food_b
T: -35.757 1.085848 12.65675
R: -0.4537994 -0.4325096 -0.541581 0.5600818
S: 0.01 0.01 0.01

Building_f
T: -21.62 0.242591 36.54018
R: 0.02366205 -0.7067183 -0.7067111 -0.02342849
S: 0.03 0.03 0.03

Building_e
T: 24.1 0.3916834 -6.199722
R: -0.4999171 -0.5000829 -0.4999171 0.5000829
S: 0.01 0.01 0.01

Crate
T: -21.38 0.6590536 -46.40955
R: -0.7065138 -0.02895363 -0.02895361 0.7065138
S: 0.01 0.01000003 0.01000002

Sack_b
T: -32.17 0.006610433 -13.43999
R: -0.5657184 0.4242203 0.4242204 0.5657182
S: 0.01 0.01 0.01

tower_corner
T: -47.8 -2.384186E-06 47.8
R: -0.7068661 0 0 0.7073474
S: 1 1 1

tower_round
T: -32 8.381903E-07 -19.5
R: -0.7071068 0 0 0.7071067
S: 1 1 1

Crate
T: -21.76 -0.09098697 -46.35006
R: -0.7065138 -0.02895363 -0.02895361 0.7065138
S: 0.01 0.01000002 0.01000002

Building_b
T: 3.450001 0.4444591 -39.65969
R: 0.4936338 0.5062903 0.5061222 -0.4937977
S: 0.009999999 0.01 0.01

Barrel
T: -36.49 0.04758042 29.21006
R: -0.7071068 0 0 0.7071068
S: 0.01 0.01000001 0.01000001

Crate
T: -20.96 -0.09099378 -46.34006
R: -0.7065138 -0.02895363 -0.02895361 0.7065138
S: 0.01 0.01000002 0.01000001

Crate
T: -32.86 0.7882247 -15.80946
R: -0.7021622 -0.08347642 -0.08347638 0.7021622
S: 0.01 0.01000001 0.01000001

tower_round 
T: -32 -9.536743E-07 18.6
R: -0.7071069 0 1.056469E-08 0.7071068
S: 1 1 1

Food_b
T: -45.213 0.9978449 12.66169
R: -0.4537994 -0.4325096 -0.541581 0.5600818
S: 0.01 0.01000001 0.01

Building_c
T: -15.77 0.4838268 -24.03967
R: -0.0001111661 0.7071069 0.7071068 -0.0001110149
S: 0.01000002 0.01000001 0.01000001

Well
T: -38.80092 0.04547702 32.29792
R: -0.707078 0.006389606 0.006389639 0.7070778
S: 0.02 0.02 0.02

Building_d
T: -27.26051 0.4512616 23.9702
R: 0.4993448 -0.500585 -0.5006537 -0.499415
S: 0.009999999 0.01 0.01

Sack_a
T: -30.75 -0.0009091832 12.30001
R: -0.6393902 0.3019605 0.3019604 0.6393903
S: 0.01 0.01000001 0.01000001

Food_b
T: -39.578 0.9978483 12.65669
R: -0.4537994 -0.4325096 -0.541581 0.5600818
S: 0.01 0.01000001 0.01

Sack_a
T: -46.6467 -0.004417687 -41.3954
R: -0.258205 0.6582782 0.6582779 0.2582057
S: 0.01 0.01000001 0.01000002

Hay_c
T: -46.95 -0.02519215 -10.79001
R: -0.7071068 0 0 0.7071068
S: 0.01 0.01 0.01

Tent
T: -44.69 0.258553 13.09019
R: -0.7071068 0 0 0.7071068
S: 0.01 0.01 0.01

tower_corner
T: -47.8 -0.02999675 19.09999
R: -0.7071069 0 1.056469E-08 0.7071068
S: 1 1 1

Hay_a
T: -33 -0.02504921 -11.00001
R: -0.7071068 0 0 0.7071068
S: 0.01 0.01 0.01

Building_c
T: 8.149998 0.444524 33.70032
R: -0.0001111661 0.7071069 0.7071068 -0.0001110149
S: 0.01 0.01 0.01

Barrel
T: -36.42 0.04880566 27.41005
R: -0.7071068 0 0 0.7071068
S: 0.01 0.01000001 0.01000001

Tent
T: -45.18 0.2768839 -13.8398
R: -0.004728712 0.707091 0.7070909 0.004728989
S: 0.01 0.01000001 0.01000001

Sack_a
T: -46.93 -0.002920139 -43.51
R: -0.6393902 0.3019605 0.3019605 0.6393903
S: 0.01 0.01000001 0.01000001

Crate
T: -20.47 0.6587747 -45.99955
R: -0.6991843 -0.1055529 -0.1055528 0.6991842
S: 0.01 0.01000003 0.01000003

Tent
T: -46.73 0.2775381 -0.1097984
R: 0.4970775 0.5029057 0.5029053 -0.4970775
S: 0.01 0.01000001 0.01000001

tower_corner
T: -47.8 0 -47.8
R: -0.7068661 0 0 0.7073474
S: 100 100 100

Tent
T: -46.53 0.2740325 5.040199
R: 0.4970775 0.5029057 0.5029053 -0.4970775
S: 0.01 0.01000001 0.01000001

Food_a
T: -44.177 0.9588741 12.61866
R: -0.3773474 0.4487826 0.5905908 0.5544418
S: 0.01000001 0.01000001 0.01

Food_a
T: -34.804 1.044918 12.55473
R: -0.3773474 0.4487826 0.5905908 0.5544418
S: 0.01 0.01 0.01

Crate
T: -33 -0.01180915 -15.76
R: -0.7071068 0 0 0.7071068
S: 0.01 0.01 0.01

Plane
T: 0 0 0
R: 0 0 0 1
S: 10 1 10

Sack_a
T: -32.79 -0.0008138902 12.16002
R: -0.7071068 0 0 0.7071068
S: 0.01 0.01 0.01

//////////////////////InstancedObjects//////////////////////
wall
T: -36.6 -0.01000002 -18.6
R: -0.4997425 -0.5002574 -0.4997425 0.5002574
S: 1 1 1

wall
T: 9.130005 0.02685427 -49.2
R: -0.4998298 -0.5001702 -0.4998297 0.5001702
S: 1 1 1

wall
T: 21.01999 -0.03358939 46.6
R: -0.4998298 0.5001702 0.4998297 0.5001702
S: 1 1 1

wall
T: 49.2 -0.004084583 37
R: 0 0.7073474 0.7068661 0
S: 1 1 1

wall
T: 39.01999 -0.045843 46.6
R: -0.4998298 0.5001702 0.4998297 0.5001702
S: 1 1 1

wall
T: -11.00001 -0.02178609 46.59999
R: -0.4998298 0.5001702 0.4998297 0.5001702
S: 1 1 1

wall
T: 3.110004 0.03275062 -49.2
R: -0.4998298 -0.5001702 -0.4998297 0.5001702
S: 1 1 1

wall
T: -29.00001 -0.009532485 46.59999
R: -0.4998298 0.5001702 0.4998297 0.5001702
S: 1 1 1

wall
T: -32.88999 0.008243403 -49.2
R: -0.4998298 -0.5001702 -0.4998297 0.5001702
S: 1 1 1

wall
T: -49.2 -0.02042057 -12.78001
R: -0.7068661 0 0 0.7073474
S: 1 1 1

wall
T: 49.2 -0.005445953 35
R: 0 0.7073474 0.7068661 0
S: 1 1 1

wall
T: 1.019997 -0.01997427 46.59999
R: -0.4998298 0.5001702 0.4998297 0.5001702
S: 1 1 1

wall
T: 49.2 -0.006807331 33
R: 0 0.7073474 0.7068661 0
S: 1 1 1

wall
T: 13.13 0.02957729 -49.2
R: -0.4998298 -0.5001702 -0.4998297 0.5001702
S: 1 1 1

wall
T: 49.2 -0.04991987 -45.01998
R: 0 0.7073474 0.7068661 0
S: 1 1 1

wall
T: -49.2 -0.02677994 11.23999
R: -0.7068661 0 0 0.7073474
S: 1 1 1

wall
T: 49.2 -0.04175165 -33.01999
R: 0 0.7073474 0.7068661 0
S: 1 1 1

wall
T: -49.2 -0.009529612 -28.78001
R: -0.7068661 0 0 0.7073474
S: 1 1 1

wall
T: -25.00001 -0.01225551 46.6
R: -0.4998298 0.5001702 0.4998297 0.5001702
S: 1 1 1

wall
T: -7.000011 -0.02450911 46.59999
R: -0.4998298 0.5001702 0.4998297 0.5001702
S: 1 1 1

wall
T: 33.13 0.0431924 -49.2
R: -0.4998298 -0.5001702 -0.4998297 0.5001702
S: 1 1 1

wall
T: -22.88998 0.01505097 -49.2
R: -0.4998298 -0.5001702 -0.4998297 0.5001702
S: 1 1 1

wall
T: 7.019989 -0.02406262 46.59999
R: -0.4998298 0.5001702 0.4998297 0.5001702
S: 1 1 1

wall
T: 49.2 -0.0213311 -3.019993
R: 0 0.7073474 0.7068661 0
S: 1 1 1

wall
T: 45.12999 0.05136148 -49.2
R: -0.4998298 -0.5001702 -0.4998297 0.5001702
S: 1 1 1

wall
T: -49.2 -0.04038982 31.23998
R: -0.7068661 0 0 0.7073474
S: 1 1 1

wall
T: -49.2 -0.02132515 3.239998
R: -0.7068661 0 0 0.7073474
S: 1 1 1

wall
T: -49.2 0.001361346 -44.78
R: -0.7068661 0 0 0.7073474
S: 1 1 1

wall
T: -14.88999 0.0204932 -49.2
R: -0.4998298 -0.5001702 -0.4998297 0.5001702
S: 1 1 1

wall
T: -38.88999 0.004158866 -49.19999
R: -0.4998298 -0.5001702 -0.4998297 0.5001702
S: 1 1 1

wall
T: 49.2 -0.03494479 -23.01998
R: 0 0.7073474 0.7068661 0
S: 1 1 1

wall
T: -18.88999 0.01777017 -49.2
R: -0.4998298 -0.5001702 -0.4998297 0.5001702
S: 1 1 1

wall
T: -2.980007 -0.01725125 46.59999
R: -0.4998298 0.5001702 0.4998297 0.5001702
S: 1 1 1

wall
T: -33 -0.006809462 46.59999
R: -0.4998298 0.5001702 0.4998297 0.5001702
S: 1 1 1

wall
T: 33.01999 -0.04175846 46.6
R: -0.4998298 0.5001702 0.4998297 0.5001702
S: 1 1 1

wall
T: -38.6 -0.009999951 -18.6
R: -0.4997425 -0.5002574 -0.4997425 0.5002574
S: 1 1 1

wall
T: 15.13 0.0309388 -49.2
R: -0.4998298 -0.5001702 -0.4998297 0.5001702
S: 1 1 1

wall
T: 49.2 -0.002723217 39
R: 0 0.7073474 0.7068661 0
S: 1 1 1

wall
T: 29.01998 -0.03903543 46.59999
R: -0.4998298 0.5001702 0.4998297 0.5001702
S: 1 1 1

wall
T: -8.889984 0.02457774 -49.2
R: -0.4998298 -0.5001702 -0.4998297 0.5001702
S: 1 1 1

wall
T: -20.88999 0.01641248 -49.2
R: -0.4998298 -0.5001702 -0.4998297 0.5001702
S: 1 1 1

wall
T: 49.2 -0.001361851 41
R: 0 0.7073474 0.7068661 0
S: 1 1 1

wall
T: -49.2 -0.03494434 23.23998
R: -0.7068661 0 0 0.7073474
S: 1 1 1

wall
T: -49.2 -0.02314332 -8.780003
R: -0.7068661 0 0 0.7073474
S: 1 1 1

wall
T: -49.2 -0.02450469 -6.780006
R: -0.7068661 0 0 0.7073474
S: 1 1 1

wall
T: 49.2 -0.01633692 19.00001
R: 0 0.7073474 0.7068661 0
S: 1 1 1

wall
T: -49.2 -0.04719668 41.23998
R: -0.7068661 0 0 0.7073474
S: 1 1 1

wall
T: -49.2 -0.03630571 25.23998
R: -0.7068661 0 0 0.7073474
S: 1 1 1

wall
T: -49.2 -0.002722764 -38.78
R: -0.7068661 0 0 0.7073474
S: 1 1 1

wall
T: 49.2 -0.04855849 -43.01998
R: 0 0.7073474 0.7068661 0
S: 1 1 1

wall
T: 5.019993 -0.02270111 46.59999
R: -0.4998298 0.5001702 0.4998297 0.5001702
S: 1 1 1

wall
T: -40.88998 0.002797359 -49.19999
R: -0.4998298 -0.5001702 -0.4998297 0.5001702
S: 1 1 1

wall
T: -49.2 -0.001361394 -40.78
R: -0.7068661 0 0 0.7073474
S: 1 1 1

wall
T: 41.13 0.04863845 -49.2
R: -0.4998298 -0.5001702 -0.4998297 0.5001702
S: 1 1 1

wall
T: 23.13001 0.03638485 -49.2
R: -0.4998298 -0.5001702 -0.4998297 0.5001702
S: 1 1 1

wall
T: -49.2 -0.04447393 37.23998
R: -0.7068661 0 0 0.7073474
S: 1 1 1

wall
T: -49.2 -0.03902845 29.23998
R: -0.7068661 0 0 0.7073474
S: 1 1 1

wall
T: 49.2 -0.02042103 13
R: 0 0.7073474 0.7068661 0
S: 1 1 1

wall
T: -49.2 -0.04583531 39.23998
R: -0.7068661 0 0 0.7073474
S: 1 1 1

wall
T: -23.00001 -0.01361702 46.6
R: -0.4998298 0.5001702 0.4998297 0.5001702
S: 1 1 1

wall
T: -49.2 -0.0281413 13.23998
R: -0.7068661 0 0 0.7073474
S: 1 1 1

wall
T: -27.00001 -0.01089399 46.59999
R: -0.4998298 0.5001702 0.4998297 0.5001702
S: 1 1 1

wall
T: -34.6 -0.01000009 -18.6
R: -0.4997425 -0.5002574 -0.4997425 0.5002574
S: 1 1 1

wall
T: -19.00001 -0.01634004 46.59999
R: -0.4998298 0.5001702 0.4998297 0.5001702
S: 1 1 1

wall
T: 49.2 -0.02541902 -9.019985
R: 0 0.7073474 0.7068661 0
S: 1 1 1

wall
T: 19.01999 -0.03223168 46.59999
R: -0.4998298 0.5001702 0.4998297 0.5001702
S: 1 1 1

wall
T: 49.2 -0.01497555 21.00001
R: 0 0.7073474 0.7068661 0
S: 1 1 1

wall
T: -4.980003 -0.01588974 46.59999
R: -0.4998298 0.5001702 0.4998297 0.5001702
S: 1 1 1

wall
T: 49.2 -0.04447439 -37.01998
R: 0 0.7073474 0.7068661 0
S: 1 1 1

wall
T: -49.2 -0.0190592 -14.78001
R: -0.7068661 0 0 0.7073474
S: 1 1 1

wall
T: -28.88998 0.01096643 -49.2
R: -0.4998298 -0.5001702 -0.4998297 0.5001702
S: 1 1 1

wall
T: -49.2 -0.01225235 -24.78001
R: -0.7068661 0 0 0.7073474
S: 1 1 1

wall
T: -49.2 -0.03357749 21.23999
R: -0.7068661 0 0 0.7073474
S: 1 1 1

wall 
T: -34.88 -0.02999628 17.89999
R: -0.4997425 0.5002574 0.4997425 0.5002574
S: 1 1 1

wall
T: 25.01998 -0.03631241 46.59999
R: -0.4998298 0.5001702 0.4998297 0.5001702
S: 1 1 1

wall
T: -49.2 -0.03766708 27.23998
R: -0.7068661 0 0 0.7073474
S: 1 1 1

wall
T: 3.019993 -0.02133578 46.59999
R: -0.4998298 0.5001702 0.4998297 0.5001702
S: 1 1 1

wall
T: 49.2 -0.008168697 31
R: 0 0.7073474 0.7068661 0
S: 1 1 1

wall
T: 49.2 -0.02678039 -11.01999
R: 0 0.7073474 0.7068661 0
S: 1 1 1

wall
T: -16.88999 0.01913169 -49.2
R: -0.4998298 -0.5001702 -0.4998297 0.5001702
S: 1 1 1

wall
T: 25.13 0.03774636 -49.2
R: -0.4998298 -0.5001702 -0.4998297 0.5001702
S: 1 1 1

wall
T: 13.01999 -0.02814715 46.59999
R: -0.4998298 0.5001702 0.4998297 0.5001702
S: 1 1 1

wall
T: 43.13 0.04999996 -49.2
R: -0.4998298 -0.5001702 -0.4998297 0.5001702
S: 1 1 1

wall
T: -49.2 -0.01724104 -2.760002
R: -0.7068661 0 0 0.7073474
S: 1 1 1

wall
T: -41 -0.001363412 46.59999
R: -0.4998298 0.5001702 0.4998297 0.5001702
S: 1 1 1

wall
T: 23.01998 -0.03495089 46.6
R: -0.4998298 0.5001702 0.4998297 0.5001702
S: 1 1 1

wall
T: -49.2 -0.04991942 45.23998
R: -0.7068661 0 0 0.7073474
S: 1 1 1

wall
T: 49.2 -0.02269628 -5.019997
R: 0 0.7073474 0.7068661 0
S: 1 1 1

wall
T: -24.88998 0.01368946 -49.2
R: -0.4998298 -0.5001702 -0.4998297 0.5001702
S: 1 1 1

wall
T: 27.01999 -0.03767392 46.59999
R: -0.4998298 0.5001702 0.4998297 0.5001702
S: 1 1 1

wall
T: -45 0.001359612 46.59999
R: -0.4998298 0.5001702 0.4998297 0.5001702
S: 1 1 1

wall
T: 43.01998 -0.04856602 46.59999
R: -0.4998298 0.5001702 0.4998297 0.5001702
S: 1 1 1

wall
T: 7.130009 0.02549275 -49.2
R: -0.4998298 -0.5001702 -0.4998297 0.5001702
S: 1 1 1

wall
T: -49.2 -0.02540926 9.239994
R: -0.7068661 0 0 0.7073474
S: 1 1 1

wall
T: 1.110004 0.03138911 -49.2
R: -0.4998298 -0.5001702 -0.4998297 0.5001702
S: 1 1 1

wall
T: 49.2 -0.03766754 -27.01998
R: 0 0.7073474 0.7068661 0
S: 1 1 1

wall
T: 49.2 -0.02950313 -15.01998
R: 0 0.7073474 0.7068661 0
S: 1 1 1

wall
T: -44.88999 7.433433E-05 -49.19999
R: -0.4998298 -0.5001702 -0.4998297 0.5001702
S: 1 1 1

wall
T: -34.88999 0.006881891 -49.19999
R: -0.4998298 -0.5001702 -0.4998297 0.5001702
S: 1 1 1

wall
T: 31.13 0.04183089 -49.2
R: -0.4998298 -0.5001702 -0.4998297 0.5001702
S: 1 1 1

wall
T: 49.2 -0.01089144 27
R: 0 0.7073474 0.7068661 0
S: 1 1 1

wall
T: -49.2 -0.01089098 -26.78001
R: -0.7068661 0 0 0.7073474
S: 1 1 1

wall
T: 17.01999 -0.03087017 46.59999
R: -0.4998298 0.5001702 0.4998297 0.5001702
S: 1 1 1

wall
T: -49.2 -2.421439E-08 -42.78
R: -0.7068661 0 0 0.7073474
S: 1 1 1

wall
T: -21.00001 -0.01497853 46.59999
R: -0.4998298 0.5001702 0.4998297 0.5001702
S: 1 1 1

wall
T: 35.01999 -0.04311998 46.6
R: -0.4998298 0.5001702 0.4998297 0.5001702
S: 1 1 1

wall
T: 29.13001 0.04046938 -49.2
R: -0.4998298 -0.5001702 -0.4998297 0.5001702
S: 1 1 1

wall
T: 41.01998 -0.04720451 46.6
R: -0.4998298 0.5001702 0.4998297 0.5001702
S: 1 1 1

wall
T: 49.2 -0.01769829 17
R: 0 0.7073474 0.7068661 0
S: 1 1 1

wall
T: -0.8899956 0.03002759 -49.2
R: -0.4998298 -0.5001702 -0.4998297 0.5001702
S: 1 1 1

wall
T: 49.2 -0.02178239 11
R: 0 0.7073474 0.7068661 0
S: 1 1 1

wall
T: 49.2 -0.03630617 -25.01998
R: 0 0.7073474 0.7068661 0
S: 1 1 1

wall
T: 49.2 -0.009530067 29
R: 0 0.7073474 0.7068661 0
S: 1 1 1

wall
T: 37.01999 -0.04448149 46.6
R: -0.4998298 0.5001702 0.4998297 0.5001702
S: 1 1 1

wall
T: -30.88998 0.009604922 -49.2
R: -0.4998298 -0.5001702 -0.4998297 0.5001702
S: 1 1 1

wall
T: -49.2 -0.02268652 5.239994
R: -0.7068661 0 0 0.7073474
S: 1 1 1

wall
T: -49.2 -0.04311256 35.23998
R: -0.7068661 0 0 0.7073474
S: 1 1 1

wall
T: 21.13001 0.03502334 -49.2
R: -0.4998298 -0.5001702 -0.4998297 0.5001702
S: 1 1 1

wall
T: 49.2 -0.01724698 2.980003
R: 0 0.7073474 0.7068661 0
S: 1 1 1

wall
T: 49.2 -0.01905966 15
R: 0 0.7073474 0.7068661 0
S: 1 1 1

wall
T: 49.2 -0.01996973 -1.019997
R: 0 0.7073474 0.7068661 0
S: 1 1 1

wall
T: -44.88 -0.02999661 17.89999
R: -0.4997425 0.5002574 0.4997425 0.5002574
S: 1 1 1

wall
T: 9.019981 -0.02542412 46.59999
R: -0.4998298 0.5001702 0.4998297 0.5001702
S: 1 1 1

wall
T: -9.000011 -0.0231476 46.59999
R: -0.4998298 0.5001702 0.4998297 0.5001702
S: 1 1 1

wall
T: 11.13 0.02821578 -49.2
R: -0.4998298 -0.5001702 -0.4998297 0.5001702
S: 1 1 1

wall
T: -49.2 -0.02404789 7.239994
R: -0.7068661 0 0 0.7073474
S: 1 1 1

wall
T: -49.2 -0.01769783 -16.78001
R: -0.7068661 0 0 0.7073474
S: 1 1 1

wall
T: 49.2 -0.02314377 9.000011
R: 0 0.7073474 0.7068661 0
S: 1 1 1

wall
T: 11.01999 -0.02678564 46.59999
R: -0.4998298 0.5001702 0.4998297 0.5001702
S: 1 1 1

wall
T: -6.889996 0.02593925 -49.2
R: -0.4998298 -0.5001702 -0.4998297 0.5001702
S: 1 1 1

wall
T: -35 -0.00544795 46.59999
R: -0.4998298 0.5001702 0.4998297 0.5001702
S: 1 1 1

wall
T: -13.00001 -0.02042458 46.59999
R: -0.4998298 0.5001702 0.4998297 0.5001702
S: 1 1 1

wall
T: -36.88999 0.005520385 -49.19999
R: -0.4998298 -0.5001702 -0.4998297 0.5001702
S: 1 1 1

wall
T: -49.2 -0.02949337 15.23999
R: -0.7068661 0 0 0.7073474
S: 1 1 1

wall
T: -38.88 -0.02999641 17.89999
R: -0.4997425 0.5002574 0.4997425 0.5002574
S: 1 1 1

wall
T: 39.13 0.04727694 -49.2
R: -0.4998298 -0.5001702 -0.4998297 0.5001702
S: 1 1 1

wall
T: -31.00001 -0.008170974 46.59999
R: -0.4998298 0.5001702 0.4998297 0.5001702
S: 1 1 1

wall
T: -2.889996 0.02866608 -49.2
R: -0.4998298 -0.5001702 -0.4998297 0.5001702
S: 1 1 1

wall
T: 49.2 -0.04039027 -31.01997
R: 0 0.7073474 0.7068661 0
S: 1 1 1

wall
T: 15.01998 -0.02950866 46.59999
R: -0.4998298 0.5001702 0.4998297 0.5001702
S: 1 1 1

wall
T: 49.2 -0.01588561 4.98
R: 0 0.7073474 0.7068661 0
S: 1 1 1

wall
T: 49.2 -0.02405765 -7.019993
R: 0 0.7073474 0.7068661 0
S: 1 1 1

wall
T: -49.2 -0.006806874 -32.78
R: -0.7068661 0 0 0.7073474
S: 1 1 1

wall
T: -36.88 -0.02999634 17.89999
R: -0.4997425 0.5002574 0.4997425 0.5002574
S: 1 1 1

wall
T: -10.88999 0.02321622 -49.2
R: -0.4998298 -0.5001702 -0.4998297 0.5001702
S: 1 1 1

wall
T: -37 -0.004086442 46.59999
R: -0.4998298 0.5001702 0.4998297 0.5001702
S: 1 1 1

wall
T: 49.2 -0.02450513 7.000011
R: 0 0.7073474 0.7068661 0
S: 1 1 1

wall
T: -42.88998 0.001435847 -49.19999
R: -0.4998298 -0.5001702 -0.4998297 0.5001702
S: 1 1 1

wall
T: -49.2 -0.01361372 -22.78001
R: -0.7068661 0 0 0.7073474
S: 1 1 1

wall
T: -49.2 -0.04175119 33.23998
R: -0.7068661 0 0 0.7073474
S: 1 1 1

wall
T: 37.13 0.04591543 -49.2
R: -0.4998298 -0.5001702 -0.4998297 0.5001702
S: 1 1 1

wall
T: -49.2 -0.03085474 17.23999
R: -0.7068661 0 0 0.7073474
S: 1 1 1

wall
T: -17.00001 -0.01770156 46.59999
R: -0.4998298 0.5001702 0.4998297 0.5001702
S: 1 1 1

wall
T: -49.2 -0.008168243 -30.78
R: -0.7068661 0 0 0.7073474
S: 1 1 1

wall
T: -12.88999 0.02185471 -49.2
R: -0.4998298 -0.5001702 -0.4998297 0.5001702
S: 1 1 1

wall
T: 49.2 -0.0122528 25
R: 0 0.7073474 0.7068661 0
S: 1 1 1

wall
T: -49.2 -0.04855805 43.23998
R: -0.7068661 0 0 0.7073474
S: 1 1 1

wall
T: -42.6 -0.009999821 -18.6
R: -0.4997425 -0.5002574 -0.4997425 0.5002574
S: 1 1 1

wall
T: -39 -0.002724923 46.59999
R: -0.4998298 0.5001702 0.4998297 0.5001702
S: 1 1 1

wall
T: -49.2 -0.01587967 -4.760006
R: -0.7068661 0 0 0.7073474
S: 1 1 1

wall
T: -4.889996 0.02730076 -49.2
R: -0.4998298 -0.5001702 -0.4998297 0.5001702
S: 1 1 1

wall
T: 49.2 -0.03358342 -21.01998
R: 0 0.7073474 0.7068661 0
S: 1 1 1

wall
T: 49.2 0.001360893 45
R: 0 0.7073474 0.7068661 0
S: 1 1 1

wall
T: 27.13 0.03910787 -49.2
R: -0.4998298 -0.5001702 -0.4998297 0.5001702
S: 1 1 1

wall
T: 49.2 -0.03902891 -29.01997
R: 0 0.7073474 0.7068661 0
S: 1 1 1

wall
T: -40.6 -0.009999886 -18.6
R: -0.4997425 -0.5002574 -0.4997425 0.5002574
S: 1 1 1

wall
T: 49.2 -0.03086451 -17.01999
R: 0 0.7073474 0.7068661 0
S: 1 1 1

wall
T: -49.2 -0.004084134 -36.78
R: -0.7068661 0 0 0.7073474
S: 1 1 1

wall
T: 49.2 -0.04311301 -35.01999
R: 0 0.7073474 0.7068661 0
S: 1 1 1

wall
T: -44.6 -0.009999755 -18.6
R: -0.4997425 -0.5002574 -0.4997425 0.5002574
S: 1 1 1

wall
T: -49.2 -0.01996378 1.239994
R: -0.7068661 0 0 0.7073474
S: 1 1 1

wall
T: 45.01999 -0.04992753 46.59999
R: -0.4998298 0.5001702 0.4998297 0.5001702
S: 1 1 1

wall
T: 5.110001 0.03411213 -49.2
R: -0.4998298 -0.5001702 -0.4998297 0.5001702
S: 1 1 1

wall
T: 49.2 -4.768372E-07 43
R: 0 0.7073474 0.7068661 0
S: 1 1 1

wall
T: 49.2 -0.02814176 -13.01999
R: 0 0.7073474 0.7068661 0
S: 1 1 1

wall
T: -26.88999 0.01232795 -49.2
R: -0.4998298 -0.5001702 -0.4998297 0.5001702
S: 1 1 1

wall
T: 31.01998 -0.04039695 46.6
R: -0.4998298 0.5001702 0.4998297 0.5001702
S: 1 1 1

wall
T: 49.2 -0.04583576 -39.01998
R: 0 0.7073474 0.7068661 0
S: 1 1 1

wall
T: 49.2 -0.01860835 0.9800034
R: 0 0.7073474 0.7068661 0
S: 1 1 1

wall
T: -40.88 -0.02999647 17.89999
R: -0.4997425 0.5002574 0.4997425 0.5002574
S: 1 1 1

wall
T: -15.00001 -0.01906307 46.59999
R: -0.4998298 0.5001702 0.4998297 0.5001702
S: 1 1 1

wall
T: 19.13001 0.03366182 -49.2
R: -0.4998298 -0.5001702 -0.4998297 0.5001702
S: 1 1 1

wall
T: -42.88 -0.02999654 17.89999
R: -0.4997425 0.5002574 0.4997425 0.5002574
S: 1 1 1

wall
T: -0.9800072 -0.01861276 46.59999
R: -0.4998298 0.5001702 0.4998297 0.5001702
S: 1 1 1

wall
T: -49.2 -0.01860241 -0.760006
R: -0.7068661 0 0 0.7073474
S: 1 1 1

wall
T: 49.2 -0.01361418 23.00001
R: 0 0.7073474 0.7068661 0
S: 1 1 1

wall
T: 35.13 0.04455392 -49.2
R: -0.4998298 -0.5001702 -0.4998297 0.5001702
S: 1 1 1

wall
T: 17.13001 0.03230031 -49.2
R: -0.4998298 -0.5001702 -0.4998297 0.5001702
S: 1 1 1

wall
T: -49.2 -0.005445505 -34.78
R: -0.7068661 0 0 0.7073474
S: 1 1 1

wall
T: -43 -1.899898E-06 46.59999
R: -0.4998298 0.5001702 0.4998297 0.5001702
S: 1 1 1

wall
T: -49.2 -0.02178194 -10.78001
R: -0.7068661 0 0 0.7073474
S: 1 1 1

wall
T: 49.2 -0.04719712 -41.01998
R: 0 0.7073474 0.7068661 0
S: 1 1 1

wall
T: 49.2 -0.03222587 -19.01999
R: 0 0.7073474 0.7068661 0
S: 1 1 1

//////////////////////SkinnedObjects//////////////////////
Clown
T: 8.2 0.2 13.81
R: -0.7009093 0 0 0.7132505
S: 0.13 0.13 0.13

ClowncameraOffset
T: 4.469 2.332356 13.80822

Clown
T: -1.35 0.2 18.85
R: -0.7009093 0 0 0.7132505
S: 0.13 0.13 0.13

ClowncameraOffset
T: -5.081 2.332356 18.84822

Clown
T: -9.41 0.2 18.85
R: -0.6065021 -0.3575105 -0.3513246 0.6171812
S: 0.13 0.13 0.13

ClowncameraOffset
T: -11.26468 2.332357 15.61264

Clown
T: 8.2 0.2 4.52
R: -0.7009093 0 0 0.7132505
S: 0.13 0.13 0.13

ClowncameraOffset
T: 4.469 2.332356 4.518215

Clown
T: 4.602 0.2 10.03
R: -0.6586393 0.243946 0.239725 0.6702362
S: 0.13 0.13 0.13

ClowncameraOffset
T: 1.74274 2.332356 12.42687

Clown
T: -9.41 0.2 -0.93
R: -0.7009093 0 0 0.7132505
S: 0.13 0.13 0.13

ClowncameraOffset
T: -13.141 2.332356 -0.9317855

Clown
T: 4.602 0.2 0
R: 0 -0.7132505 -0.7009093 0
S: 0.13 0.13 0.13

ClowncameraOffset
T: 8.333001 2.332356 0.001785126

Clown
T: -37.07 0.2 0.53
R: -0.6407354 -0.2891368 -0.2841339 0.6520169
S: 0.13 0.13 0.13

ClowncameraOffset
T: -39.57343 2.332356 -2.236443

Clown
T: -10.86 0.2 7.88
R: -0.5573068 -0.4325527 -0.4250683 0.5671193
S: 0.13 0.13 0.13

ClowncameraOffset
T: -11.84487 2.332355 4.281333

Clown
T: -21.2 0.2 -5
R: -0.6339096 -0.3043176 -0.2990519 0.6450716
S: 0.13 0.13 0.13

ClowncameraOffset
T: -23.57123 2.332356 -7.88056

Clown
T: 4.602 0.2 -7.26
R: -0.6307124 0.3111212 0.3057379 0.6418176
S: 0.13 0.13 0.13

ClowncameraOffset
T: 2.289408 2.332356 -4.332154

Clown
T: -21.2 0.2 3.1
R: -0.6643851 0.2272392 0.2233073 0.6760833
S: 0.13 0.13 0.13

ClowncameraOffset
T: -24.17466 2.332356 5.352062

Clown
T: 24.99 0.16 -29.88
R: -0.7009093 0 0 0.7132505
S: 0.13 0.13 0.13

ClowncameraOffset
T: 21.259 2.292356 -29.88178

Clown
T: -12.99 0.2 -9.6
R: -0.7009093 0 0 0.7132505
S: 0.13 0.13 0.13

ClowncameraOffset
T: -16.721 2.332356 -9.601786

Clown
T: 8.2 0.2 -7.26
R: -0.7009093 0 0 0.7132505
S: 0.13 0.13 0.13

ClowncameraOffset
T: 4.469 2.332356 -7.261786

Clown
T: -21.2 0.2 14.24
R: -0.648375 0.2709273 0.2662394 0.6597915
S: 0.13 0.13 0.13

ClowncameraOffset
T: -23.8556 2.332356 16.86072

Clown
T: -21.2 0.2 27.4
R: -0.2559648 -0.6639885 -0.6524997 0.2604717
S: 0.13 0.13 0.13

ClowncameraOffset
T: -18.46294 2.332356 24.86447

Clown
T: 19.11 0.21 -6.5
R: -0.7009093 0 0 0.7132505
S: 0.13 0.13 0.13

ClowncameraOffset
T: 15.379 2.342356 -6.501785

Clown
T: -1.35 0.2 13.81
R: -0.7009093 0 0 0.7132505
S: 0.13 0.13 0.13

ClowncameraOffset
T: -5.081 2.332356 13.80822

Clown
T: -21.2 0.2 -9.6
R: -0.6278666 0.3170254 0.3115398 0.638922
S: 0.13 0.13 0.13

ClowncameraOffset
T: -23.45821 2.332356 -6.630011

Clown
T: -4.02 0.2 7.88
R: -0.7009093 0 0 0.7132505
S: 0.13 0.13 0.13

ClowncameraOffset
T: -7.751 2.332356 7.878215

