//////////////////////Header//////////////////////
StaticObjectCount: 64
SkinnedObjectCount: 21
InstancedObjectCount: 193
//////////////////////StaticObjects//////////////////////

Food_a
T: -40.725 0.9590416 12.37167
R: -0.3773474 0.4487826 0.5905908 0.5544418
S: 0.01 0.01 0.01

Hay_b
T: -35.7 0.176178 -12.79987
R: -0.7071068 0 0 0.7071068
S: 0.01 0.01 0.01

Building_b
T: 32 0.4469757 30.10033
R: 0.2981163 0.6412749 0.6410623 -0.2982152
S: 0.01 0.01 0.01

Barrel
T: -35.3 0.04817963 28.33006
R: -0.7071068 0 0 0.7071068
S: 0.01 0.01000002 0.01000002

Building_b
T: -12.48 0.413023 -37.54972
R: 0.7073382 -0.0258252 0.02372616 -0.7060049
S: 0.009999997 0.01 0.01

Building_e
T: 31.6 0.3853645 -26.29973
R: -0.7069839 -0.002787193 -0.002786728 0.7072186
S: 0.01 0.01 0.01000001

Tent
T: -40.18 0.2586288 12.98019
R: -0.7071068 0 0 0.7071068
S: 0.01 0.01000001 0.01000001

tower_corner
T: 47.8 0 -47.8
R: 0 0.7073474 0.7068661 0
S: 1 1 1

Crate
T: -20.07 -0.09101033 -46.32006
R: -0.7065138 -0.02895363 -0.02895361 0.7065138
S: 0.01 0.01000002 0.01000002

Tent
T: -39.8 0.27668 -13.53981
R: -0.004728711 0.707091 0.7070909 0.004728989
S: 0.01 0.01000001 0.01000001

Building_c
T: 21.5 0.4565048 16.10033
R: -0.4992557 0.5009 0.5007431 0.4990985
S: 0.01000002 0.01000001 0.01000001

Tent
T: -35.34 0.2585945 13.03019
R: -0.7071068 0 0 0.7071068
S: 0.01 0.01000001 0.01000001

tower_corner
T: -47.8 -0.01000023 -19.8
R: -0.7071068 0 0 0.7071067
S: 1 1 1

tower_corner
T: -47.8 0 -47.8
R: -0.7071068 0 0 0.7071067
S: 1 0.9999997 0.9999997

Hay_b
T: 32.09 -0.05440521 17.42998
R: -0.7071068 0 0 0.7071068
S: 0.01 0.01000001 0.01000001

Sewers_entrance
T: -39.07 0.08722973 -43.72994
R: -0.6552877 0.2657029 0.2657029 0.6552877
S: 0.01 0.01000001 0.01000001

Building_b
T: -33 0.3904018 -33.69973
R: 0.4930773 -0.506833 -0.5066643 -0.4932407
S: 0.009999999 0.01 0.01

angelStatue
T: 0 0 0
R: 0 0 0 1
S: 2 2 2

Building_c
T: -7.889999 0.4047775 33.33029
R: -0.0001111661 0.7071069 0.7071068 -0.0001110149
S: 0.01000002 0.01000001 0.01000001

Building_d
T: 35.90001 0.3586159 13.00026
R: -0.5000349 -0.5000349 -0.4999651 0.4999651
S: 0.01 0.01 0.01

Crate
T: -33.83 0.01819992 -15.76998
R: -0.7071068 0 0 0.7071068
S: 0.01 0.01000001 0.01000001

Sack_a
T: -46.64 -0.002723694 44.34002
R: -0.6393902 0.3019605 0.3019605 0.6393903
S: 0.01 0.01000001 0.01000001

Tent
T: -46.93 0.2814674 -5.226086
R: 0.4970775 0.5029057 0.5029053 -0.4970775
S: 0.01 0.01000001 0.01000001

tower_corner
T: 47.8 0 47.8
R: 0 0.7073474 0.7068661 0
S: 1 1 1

Tent
T: 11.4 0.2599115 -32.97982
R: -0.002464434 -0.7071026 -0.7071023 0.002464634
S: 0.01 0.01000002 0.01000002

Sewers_entrance
T: -38.54 0.03990173 40.49005
R: -0.7071068 0 0 0.7071068
S: 0.01 0.01 0.01

Tent
T: 7.710003 0.2599182 -32.98982
R: -0.002464434 -0.7071026 -0.7071023 0.002464634
S: 0.009999989 0.01000001 0.01000001

Food_b
T: -35.757 1.085846 12.65675
R: -0.4537994 -0.4325096 -0.541581 0.5600818
S: 0.01 0.01 0.01

Building_f
T: -21.62 0.2425919 36.54018
R: 0.02366205 -0.7067183 -0.7067111 -0.02342849
S: 0.03 0.03 0.03

Building_e
T: 24.1 0.3916817 -6.199726
R: -0.4999171 -0.5000829 -0.4999171 0.5000829
S: 0.01 0.01 0.01

Crate
T: -21.38 0.6590537 -46.40955
R: -0.7065138 -0.02895363 -0.02895361 0.7065138
S: 0.01 0.01000003 0.01000002

Sack_b
T: -32.17 0.00661087 -13.43999
R: -0.5657184 0.4242203 0.4242204 0.5657182
S: 0.01 0.01 0.01

tower_corner
T: -47.8 0 47.8
R: -0.7068661 0 0 0.7073474
S: 1 1 1

tower_round
T: -32 0 -19.5
R: -0.7071068 0 0 0.7071067
S: 1 1 1

Crate
T: -21.76 -0.09098685 -46.35006
R: -0.7065138 -0.02895363 -0.02895361 0.7065138
S: 0.01 0.01000002 0.01000002

Building_b
T: 3.450001 0.444459 -39.65969
R: 0.4936338 0.5062903 0.5061222 -0.4937977
S: 0.009999999 0.01 0.01

Barrel
T: -36.49 0.0475769 29.21006
R: -0.7071068 0 0 0.7071068
S: 0.01 0.01000001 0.01000001

Crate
T: -20.96 -0.09099388 -46.34006
R: -0.7065138 -0.02895363 -0.02895361 0.7065138
S: 0.01 0.01000002 0.01000001

Crate
T: -32.86 0.7882252 -15.80946
R: -0.7021622 -0.08347642 -0.08347638 0.7021622
S: 0.01 0.01000001 0.01000001

tower_round 
T: -32 0 18.6
R: -0.7071069 0 1.056469E-08 0.7071068
S: 1 1 1

Food_b
T: -45.213 0.9978447 12.6617
R: -0.4537994 -0.4325096 -0.541581 0.5600818
S: 0.01 0.01000001 0.01

Building_c
T: -15.77 0.4838276 -24.03967
R: -0.0001111661 0.7071069 0.7071068 -0.0001110149
S: 0.01000002 0.01000001 0.01000001

Well
T: -38.80092 0.04547882 32.29792
R: -0.707078 0.006389606 0.006389639 0.7070778
S: 0.02 0.02 0.02

Building_d
T: -27.26051 0.4512634 23.9702
R: 0.4993448 -0.500585 -0.5006537 -0.499415
S: 0.009999999 0.01 0.01

Sack_a
T: -30.75 -0.0009078979 12.30001
R: -0.6393902 0.3019605 0.3019604 0.6393903
S: 0.01 0.01000001 0.01000001

Food_b
T: -39.578 0.9978485 12.6567
R: -0.4537994 -0.4325096 -0.541581 0.5600818
S: 0.01 0.01000001 0.01

Sack_a
T: -46.6467 -0.004417896 -41.3954
R: -0.258205 0.6582782 0.6582779 0.2582057
S: 0.01 0.01000001 0.01000002

Hay_c
T: -46.95 -0.02519226 -10.79001
R: -0.7071068 0 0 0.7071068
S: 0.01 0.01 0.01

Tent
T: -44.69 0.2585526 13.09019
R: -0.7071068 0 0 0.7071068
S: 0.01 0.01 0.01

tower_corner
T: -47.8 -0.02999878 19.09999
R: -0.7071069 0 1.056469E-08 0.7071068
S: 1 1 1

Hay_a
T: -33 -0.0250473 -11.00001
R: -0.7071068 0 0 0.7071068
S: 0.01 0.01 0.01

Building_c
T: 8.149998 0.4445267 33.70032
R: -0.0001111661 0.7071069 0.7071068 -0.0001110149
S: 0.01 0.01 0.01

Barrel
T: -36.42 0.04880524 27.41005
R: -0.7071068 0 0 0.7071068
S: 0.01 0.01000001 0.01000001

Tent
T: -45.18 0.2768822 -13.83981
R: -0.004728712 0.707091 0.7070909 0.004728989
S: 0.01 0.01000001 0.01000001

Sack_a
T: -46.93 -0.002920151 -43.51
R: -0.6393902 0.3019605 0.3019605 0.6393903
S: 0.01 0.01000001 0.01000001

Crate
T: -20.47 0.6587746 -45.99955
R: -0.6991843 -0.1055529 -0.1055528 0.6991842
S: 0.01 0.01000003 0.01000003

Tent
T: -46.73 0.2775383 -0.1097946
R: 0.4970775 0.5029057 0.5029053 -0.4970775
S: 0.01 0.01000001 0.01000001

tower_corner
T: -47.8 0 -47.8
R: -0.7068661 0 0 0.7073474
S: 100 100 100

Tent
T: -46.53 0.2740326 5.040203
R: 0.4970775 0.5029057 0.5029053 -0.4970775
S: 0.01 0.01000001 0.01000001

Food_a
T: -44.177 0.9588737 12.61866
R: -0.3773474 0.4487826 0.5905908 0.5544418
S: 0.01000001 0.01000001 0.01

Food_a
T: -34.804 1.044918 12.55472
R: -0.3773474 0.4487826 0.5905908 0.5544418
S: 0.01 0.01 0.01

Crate
T: -33 -0.0118103 -15.76
R: -0.7071068 0 0 0.7071068
S: 0.01 0.01 0.01

Plane
T: 0 0 0
R: 0 0 0 1
S: 10 1 10

Sack_a
T: -32.79 -0.0008125305 12.16002
R: -0.7071068 0 0 0.7071068
S: 0.01 0.01 0.01

//////////////////////InstancedObjects//////////////////////
wall
T: -36.6 -0.01000023 -18.6
R: -0.4997425 -0.5002574 -0.4997425 0.5002574
S: 1 1 1

wall
T: 9.130005 0.02685428 -49.2
R: -0.4998298 -0.5001702 -0.4998297 0.5001702
S: 1 1 1

wall
T: 21.01999 -0.03358459 46.6
R: -0.4998298 0.5001702 0.4998297 0.5001702
S: 1 1 1

wall
T: 49.2 -0.004089355 36.99999
R: 0 0.7073474 0.7068661 0
S: 1 1 1

wall
T: 39.01999 -0.0458374 46.6
R: -0.4998298 0.5001702 0.4998297 0.5001702
S: 1 1 1

wall
T: -11.00001 -0.02178192 46.59999
R: -0.4998298 0.5001702 0.4998297 0.5001702
S: 1 1 1

wall
T: 3.110004 0.03275061 -49.2
R: -0.4998298 -0.5001702 -0.4998297 0.5001702
S: 1 1 1

wall
T: -29.00001 -0.009529114 46.59999
R: -0.4998298 0.5001702 0.4998297 0.5001702
S: 1 1 1

wall
T: -32.88999 0.008243442 -49.19999
R: -0.4998298 -0.5001702 -0.4998297 0.5001702
S: 1 1 1

wall
T: -49.2 -0.02042007 -12.78001
R: -0.7068661 0 0 0.7073474
S: 1 1 1

wall
T: 49.2 -0.005447388 34.99999
R: 0 0.7073474 0.7068661 0
S: 1 1 1

wall
T: 1.019997 -0.01997375 46.59999
R: -0.4998298 0.5001702 0.4998297 0.5001702
S: 1 1 1

wall
T: 49.2 -0.00680542 33
R: 0 0.7073474 0.7068661 0
S: 1 1 1

wall
T: 13.13 0.02957726 -49.2
R: -0.4998298 -0.5001702 -0.4998297 0.5001702
S: 1 1 1

wall
T: 49.2 -0.04991984 -45.01998
R: 0 0.7073474 0.7068661 0
S: 1 1 1

wall
T: -49.2 -0.02677917 11.23999
R: -0.7068661 0 0 0.7073474
S: 1 1 1

wall
T: 49.2 -0.04175186 -33.01999
R: 0 0.7073474 0.7068661 0
S: 1 1 1

wall
T: -49.2 -0.009531021 -28.78001
R: -0.7068661 0 0 0.7073474
S: 1 1 1

wall
T: -25.00001 -0.01225281 46.59999
R: -0.4998298 0.5001702 0.4998297 0.5001702
S: 1 1 1

wall
T: -7.000011 -0.02450562 46.59999
R: -0.4998298 0.5001702 0.4998297 0.5001702
S: 1 1 1

wall
T: 33.13 0.04319239 -49.2
R: -0.4998298 -0.5001702 -0.4998297 0.5001702
S: 1 1 1

wall
T: -22.88998 0.01505101 -49.19999
R: -0.4998298 -0.5001702 -0.4998297 0.5001702
S: 1 1 1

wall
T: 7.019989 -0.02406311 46.59999
R: -0.4998298 0.5001702 0.4998297 0.5001702
S: 1 1 1

wall
T: 49.2 -0.02132797 -3.019993
R: 0 0.7073474 0.7068661 0
S: 1 1 1

wall
T: 45.12999 0.05136144 -49.2
R: -0.4998298 -0.5001702 -0.4998297 0.5001702
S: 1 1 1

wall
T: -49.2 -0.04039001 31.23998
R: -0.7068661 0 0 0.7073474
S: 1 1 1

wall
T: -49.2 -0.02132416 3.239998
R: -0.7068661 0 0 0.7073474
S: 1 1 1

wall
T: -49.2 0.00136137 -44.78
R: -0.7068661 0 0 0.7073474
S: 1 1 1

wall
T: -14.88999 0.02049315 -49.2
R: -0.4998298 -0.5001702 -0.4998297 0.5001702
S: 1 1 1

wall
T: -38.88999 0.004158854 -49.2
R: -0.4998298 -0.5001702 -0.4998297 0.5001702
S: 1 1 1

wall
T: 49.2 -0.03494453 -23.01998
R: 0 0.7073474 0.7068661 0
S: 1 1 1

wall
T: -18.88999 0.01777017 -49.19999
R: -0.4998298 -0.5001702 -0.4998297 0.5001702
S: 1 1 1

wall
T: -2.980007 -0.01725006 46.59999
R: -0.4998298 0.5001702 0.4998297 0.5001702
S: 1 1 1

wall
T: -33 -0.00680542 46.59999
R: -0.4998298 0.5001702 0.4998297 0.5001702
S: 1 1 1

wall
T: 33.01999 -0.04175568 46.6
R: -0.4998298 0.5001702 0.4998297 0.5001702
S: 1 1 1

wall
T: -38.6 -0.01000023 -18.6
R: -0.4997425 -0.5002574 -0.4997425 0.5002574
S: 1 1 1

wall
T: 15.13 0.03093874 -49.2
R: -0.4998298 -0.5001702 -0.4998297 0.5001702
S: 1 1 1

wall
T: 49.2 -0.002723694 39
R: 0 0.7073474 0.7068661 0
S: 1 1 1

wall
T: 29.01998 -0.03903198 46.59999
R: -0.4998298 0.5001702 0.4998297 0.5001702
S: 1 1 1

wall
T: -8.889984 0.02457774 -49.19999
R: -0.4998298 -0.5001702 -0.4998297 0.5001702
S: 1 1 1

wall
T: -20.88999 0.0164125 -49.19999
R: -0.4998298 -0.5001702 -0.4998297 0.5001702
S: 1 1 1

wall
T: 49.2 -0.001365662 41
R: 0 0.7073474 0.7068661 0
S: 1 1 1

wall
T: -49.2 -0.03494263 23.23998
R: -0.7068661 0 0 0.7073474
S: 1 1 1

wall
T: -49.2 -0.02314377 -8.780003
R: -0.7068661 0 0 0.7073474
S: 1 1 1

wall
T: -49.2 -0.02450562 -6.780006
R: -0.7068661 0 0 0.7073474
S: 1 1 1

wall
T: 49.2 -0.01633453 19.00001
R: 0 0.7073474 0.7068661 0
S: 1 1 1

wall
T: -49.2 -0.04719543 41.23998
R: -0.7068661 0 0 0.7073474
S: 1 1 1

wall
T: -49.2 -0.03630829 25.23998
R: -0.7068661 0 0 0.7073474
S: 1 1 1

wall
T: -49.2 -0.00272274 -38.78
R: -0.7068661 0 0 0.7073474
S: 1 1 1

wall
T: 49.2 -0.04855871 -43.01998
R: 0 0.7073474 0.7068661 0
S: 1 1 1

wall
T: 5.019993 -0.02269745 46.59999
R: -0.4998298 0.5001702 0.4998297 0.5001702
S: 1 1 1

wall
T: -40.88998 0.002797365 -49.19999
R: -0.4998298 -0.5001702 -0.4998297 0.5001702
S: 1 1 1

wall
T: -49.2 -0.00136137 -40.78
R: -0.7068661 0 0 0.7073474
S: 1 1 1

wall
T: 41.13 0.04863846 -49.2
R: -0.4998298 -0.5001702 -0.4998297 0.5001702
S: 1 1 1

wall
T: 23.13001 0.03638482 -49.2
R: -0.4998298 -0.5001702 -0.4998297 0.5001702
S: 1 1 1

wall
T: -49.2 -0.04447174 37.23998
R: -0.7068661 0 0 0.7073474
S: 1 1 1

wall
T: -49.2 -0.03902435 29.23998
R: -0.7068661 0 0 0.7073474
S: 1 1 1

wall
T: 49.2 -0.02042007 13
R: 0 0.7073474 0.7068661 0
S: 1 1 1

wall
T: -49.2 -0.0458374 39.23998
R: -0.7068661 0 0 0.7073474
S: 1 1 1

wall
T: -23.00001 -0.01361847 46.59999
R: -0.4998298 0.5001702 0.4998297 0.5001702
S: 1 1 1

wall
T: -49.2 -0.02814102 13.23999
R: -0.7068661 0 0 0.7073474
S: 1 1 1

wall
T: -27.00001 -0.01089478 46.59999
R: -0.4998298 0.5001702 0.4998297 0.5001702
S: 1 1 1

wall
T: -34.6 -0.01000023 -18.6
R: -0.4997425 -0.5002574 -0.4997425 0.5002574
S: 1 1 1

wall
T: -19.00001 -0.01633453 46.6
R: -0.4998298 0.5001702 0.4998297 0.5001702
S: 1 1 1

wall
T: 49.2 -0.02542114 -9.019985
R: 0 0.7073474 0.7068661 0
S: 1 1 1

wall
T: 19.01999 -0.03222656 46.6
R: -0.4998298 0.5001702 0.4998297 0.5001702
S: 1 1 1

wall
T: 49.2 -0.0149765 21
R: 0 0.7073474 0.7068661 0
S: 1 1 1

wall
T: -4.980003 -0.0158844 46.6
R: -0.4998298 0.5001702 0.4998297 0.5001702
S: 1 1 1

wall
T: 49.2 -0.0444746 -37.01999
R: 0 0.7073474 0.7068661 0
S: 1 1 1

wall
T: -49.2 -0.01905823 -14.78001
R: -0.7068661 0 0 0.7073474
S: 1 1 1

wall
T: -28.88998 0.01096642 -49.2
R: -0.4998298 -0.5001702 -0.4998297 0.5001702
S: 1 1 1

wall
T: -49.2 -0.01225281 -24.78001
R: -0.7068661 0 0 0.7073474
S: 1 1 1

wall
T: -49.2 -0.03357697 21.24
R: -0.7068661 0 0 0.7073474
S: 1 1 1

wall 
T: -34.88 -0.02999878 17.89999
R: -0.4997425 0.5002574 0.4997425 0.5002574
S: 1 1 1

wall
T: 25.01998 -0.03630829 46.6
R: -0.4998298 0.5001702 0.4998297 0.5001702
S: 1 1 1

wall
T: -49.2 -0.03766632 27.23998
R: -0.7068661 0 0 0.7073474
S: 1 1 1

wall
T: 3.019993 -0.02133179 46.59999
R: -0.4998298 0.5001702 0.4998297 0.5001702
S: 1 1 1

wall
T: 49.2 -0.008163452 31.00001
R: 0 0.7073474 0.7068661 0
S: 1 1 1

wall
T: 49.2 -0.02677917 -11.01999
R: 0 0.7073474 0.7068661 0
S: 1 1 1

wall
T: -16.88999 0.01913166 -49.2
R: -0.4998298 -0.5001702 -0.4998297 0.5001702
S: 1 1 1

wall
T: 25.13 0.03774631 -49.2
R: -0.4998298 -0.5001702 -0.4998297 0.5001702
S: 1 1 1

wall
T: 13.01999 -0.02814484 46.59999
R: -0.4998298 0.5001702 0.4998297 0.5001702
S: 1 1 1

wall
T: 43.13 0.04999995 -49.2
R: -0.4998298 -0.5001702 -0.4998297 0.5001702
S: 1 1 1

wall
T: -49.2 -0.01724243 -2.760002
R: -0.7068661 0 0 0.7073474
S: 1 1 1

wall
T: -41 -0.001358032 46.59999
R: -0.4998298 0.5001702 0.4998297 0.5001702
S: 1 1 1

wall
T: 23.01998 -0.03495026 46.59999
R: -0.4998298 0.5001702 0.4998297 0.5001702
S: 1 1 1

wall
T: -49.2 -0.04991913 45.23998
R: -0.7068661 0 0 0.7073474
S: 1 1 1

wall
T: 49.2 -0.02269745 -5.019993
R: 0 0.7073474 0.7068661 0
S: 1 1 1

wall
T: -24.88998 0.0136894 -49.2
R: -0.4998298 -0.5001702 -0.4998297 0.5001702
S: 1 1 1

wall
T: 27.01999 -0.03767395 46.59999
R: -0.4998298 0.5001702 0.4998297 0.5001702
S: 1 1 1

wall
T: -45 0.001358032 46.59999
R: -0.4998298 0.5001702 0.4998297 0.5001702
S: 1 1 1

wall
T: 43.01998 -0.0485611 46.6
R: -0.4998298 0.5001702 0.4998297 0.5001702
S: 1 1 1

wall
T: 7.130009 0.02549279 -49.2
R: -0.4998298 -0.5001702 -0.4998297 0.5001702
S: 1 1 1

wall
T: -49.2 -0.0254097 9.239994
R: -0.7068661 0 0 0.7073474
S: 1 1 1

wall
T: 1.110004 0.03138912 -49.2
R: -0.4998298 -0.5001702 -0.4998297 0.5001702
S: 1 1 1

wall
T: 49.2 -0.03766823 -27.01998
R: 0 0.7073474 0.7068661 0
S: 1 1 1

wall
T: 49.2 -0.02950287 -15.01998
R: 0 0.7073474 0.7068661 0
S: 1 1 1

wall
T: -44.88999 7.43866E-05 -49.19999
R: -0.4998298 -0.5001702 -0.4998297 0.5001702
S: 1 1 1

wall
T: -34.88999 0.006881833 -49.19999
R: -0.4998298 -0.5001702 -0.4998297 0.5001702
S: 1 1 1

wall
T: 31.13 0.0418309 -49.2
R: -0.4998298 -0.5001702 -0.4998297 0.5001702
S: 1 1 1

wall
T: 49.2 -0.01089478 27
R: 0 0.7073474 0.7068661 0
S: 1 1 1

wall
T: -49.2 -0.01089287 -26.78001
R: -0.7068661 0 0 0.7073474
S: 1 1 1

wall
T: 17.01999 -0.03086853 46.59999
R: -0.4998298 0.5001702 0.4998297 0.5001702
S: 1 1 1

wall
T: -49.2 0 -42.78
R: -0.7068661 0 0 0.7073474
S: 1 1 1

wall
T: -21.00001 -0.0149765 46.59999
R: -0.4998298 0.5001702 0.4998297 0.5001702
S: 1 1 1

wall
T: 35.01999 -0.04312134 46.59999
R: -0.4998298 0.5001702 0.4998297 0.5001702
S: 1 1 1

wall
T: 29.13001 0.04046941 -49.2
R: -0.4998298 -0.5001702 -0.4998297 0.5001702
S: 1 1 1

wall
T: 41.01998 -0.04720306 46.59999
R: -0.4998298 0.5001702 0.4998297 0.5001702
S: 1 1 1

wall
T: 49.2 -0.01769257 17.00001
R: 0 0.7073474 0.7068661 0
S: 1 1 1

wall
T: -0.8899956 0.03002763 -49.2
R: -0.4998298 -0.5001702 -0.4998297 0.5001702
S: 1 1 1

wall
T: 49.2 -0.02178192 11
R: 0 0.7073474 0.7068661 0
S: 1 1 1

wall
T: 49.2 -0.03630638 -25.01998
R: 0 0.7073474 0.7068661 0
S: 1 1 1

wall
T: 49.2 -0.009529114 29
R: 0 0.7073474 0.7068661 0
S: 1 1 1

wall
T: 37.01999 -0.04447937 46.6
R: -0.4998298 0.5001702 0.4998297 0.5001702
S: 1 1 1

wall
T: -30.88998 0.009604931 -49.19999
R: -0.4998298 -0.5001702 -0.4998297 0.5001702
S: 1 1 1

wall
T: -49.2 -0.022686 5.239994
R: -0.7068661 0 0 0.7073474
S: 1 1 1

wall
T: -49.2 -0.04311371 35.23998
R: -0.7068661 0 0 0.7073474
S: 1 1 1

wall
T: 21.13001 0.03502333 -49.2
R: -0.4998298 -0.5001702 -0.4998297 0.5001702
S: 1 1 1

wall
T: 49.2 -0.01724625 2.980003
R: 0 0.7073474 0.7068661 0
S: 1 1 1

wall
T: 49.2 -0.01905823 15.00001
R: 0 0.7073474 0.7068661 0
S: 1 1 1

wall
T: 49.2 -0.01996994 -1.019997
R: 0 0.7073474 0.7068661 0
S: 1 1 1

wall
T: -44.88 -0.02999878 17.89999
R: -0.4997425 0.5002574 0.4997425 0.5002574
S: 1 1 1

wall
T: 9.019981 -0.02542114 46.6
R: -0.4998298 0.5001702 0.4998297 0.5001702
S: 1 1 1

wall
T: -9.000011 -0.02314758 46.59999
R: -0.4998298 0.5001702 0.4998297 0.5001702
S: 1 1 1

wall
T: 11.13 0.02821577 -49.2
R: -0.4998298 -0.5001702 -0.4998297 0.5001702
S: 1 1 1

wall
T: -49.2 -0.02404785 7.239994
R: -0.7068661 0 0 0.7073474
S: 1 1 1

wall
T: -49.2 -0.01769829 -16.78001
R: -0.7068661 0 0 0.7073474
S: 1 1 1

wall
T: 49.2 -0.02314377 9.000004
R: 0 0.7073474 0.7068661 0
S: 1 1 1

wall
T: 11.01999 -0.0267868 46.59999
R: -0.4998298 0.5001702 0.4998297 0.5001702
S: 1 1 1

wall
T: -6.889996 0.02593923 -49.19999
R: -0.4998298 -0.5001702 -0.4998297 0.5001702
S: 1 1 1

wall
T: -35 -0.005447388 46.59999
R: -0.4998298 0.5001702 0.4998297 0.5001702
S: 1 1 1

wall
T: -13.00001 -0.02042389 46.59999
R: -0.4998298 0.5001702 0.4998297 0.5001702
S: 1 1 1

wall
T: -36.88999 0.005520344 -49.2
R: -0.4998298 -0.5001702 -0.4998297 0.5001702
S: 1 1 1

wall
T: -49.2 -0.02949524 15.23999
R: -0.7068661 0 0 0.7073474
S: 1 1 1

wall
T: -38.88 -0.02999878 17.89999
R: -0.4997425 0.5002574 0.4997425 0.5002574
S: 1 1 1

wall
T: 39.13 0.04727697 -49.2
R: -0.4998298 -0.5001702 -0.4998297 0.5001702
S: 1 1 1

wall
T: -31.00001 -0.008171082 46.59999
R: -0.4998298 0.5001702 0.4998297 0.5001702
S: 1 1 1

wall
T: -2.889996 0.02866602 -49.2
R: -0.4998298 -0.5001702 -0.4998297 0.5001702
S: 1 1 1

wall
T: 49.2 -0.04039001 -31.01998
R: 0 0.7073474 0.7068661 0
S: 1 1 1

wall
T: 15.01998 -0.0295105 46.59999
R: -0.4998298 0.5001702 0.4998297 0.5001702
S: 1 1 1

wall
T: 49.2 -0.0158844 4.980007
R: 0 0.7073474 0.7068661 0
S: 1 1 1

wall
T: 49.2 -0.0240593 -7.019993
R: 0 0.7073474 0.7068661 0
S: 1 1 1

wall
T: -49.2 -0.006807327 -32.78
R: -0.7068661 0 0 0.7073474
S: 1 1 1

wall
T: -36.88 -0.02999878 17.89999
R: -0.4997425 0.5002574 0.4997425 0.5002574
S: 1 1 1

wall
T: -10.88999 0.02321625 -49.2
R: -0.4998298 -0.5001702 -0.4998297 0.5001702
S: 1 1 1

wall
T: -37 -0.004081726 46.6
R: -0.4998298 0.5001702 0.4998297 0.5001702
S: 1 1 1

wall
T: 49.2 -0.0245018 7.000015
R: 0 0.7073474 0.7068661 0
S: 1 1 1

wall
T: -42.88998 0.001435876 -49.19999
R: -0.4998298 -0.5001702 -0.4998297 0.5001702
S: 1 1 1

wall
T: -49.2 -0.01361465 -22.78001
R: -0.7068661 0 0 0.7073474
S: 1 1 1

wall
T: -49.2 -0.04174805 33.23998
R: -0.7068661 0 0 0.7073474
S: 1 1 1

wall
T: 37.13 0.04591537 -49.2
R: -0.4998298 -0.5001702 -0.4998297 0.5001702
S: 1 1 1

wall
T: -49.2 -0.03085327 17.24
R: -0.7068661 0 0 0.7073474
S: 1 1 1

wall
T: -17.00001 -0.0177002 46.59999
R: -0.4998298 0.5001702 0.4998297 0.5001702
S: 1 1 1

wall
T: -49.2 -0.008169174 -30.78
R: -0.7068661 0 0 0.7073474
S: 1 1 1

wall
T: -12.88999 0.02185476 -49.2
R: -0.4998298 -0.5001702 -0.4998297 0.5001702
S: 1 1 1

wall
T: 49.2 -0.01225281 25
R: 0 0.7073474 0.7068661 0
S: 1 1 1

wall
T: -49.2 -0.04855347 43.23998
R: -0.7068661 0 0 0.7073474
S: 1 1 1

wall
T: -42.6 -0.01000023 -18.6
R: -0.4997425 -0.5002574 -0.4997425 0.5002574
S: 1 1 1

wall
T: -39 -0.002723694 46.59999
R: -0.4998298 0.5001702 0.4998297 0.5001702
S: 1 1 1

wall
T: -49.2 -0.01588058 -4.760006
R: -0.7068661 0 0 0.7073474
S: 1 1 1

wall
T: -4.889996 0.02730072 -49.2
R: -0.4998298 -0.5001702 -0.4998297 0.5001702
S: 1 1 1

wall
T: 49.2 -0.03358269 -21.01998
R: 0 0.7073474 0.7068661 0
S: 1 1 1

wall
T: 49.2 0.001365662 45
R: 0 0.7073474 0.7068661 0
S: 1 1 1

wall
T: 27.13 0.0391078 -49.2
R: -0.4998298 -0.5001702 -0.4998297 0.5001702
S: 1 1 1

wall
T: 49.2 -0.03902817 -29.01997
R: 0 0.7073474 0.7068661 0
S: 1 1 1

wall
T: -40.6 -0.01000023 -18.6
R: -0.4997425 -0.5002574 -0.4997425 0.5002574
S: 1 1 1

wall
T: 49.2 -0.03086472 -17.01998
R: 0 0.7073474 0.7068661 0
S: 1 1 1

wall
T: -49.2 -0.004084587 -36.78
R: -0.7068661 0 0 0.7073474
S: 1 1 1

wall
T: 49.2 -0.04311371 -35.01999
R: 0 0.7073474 0.7068661 0
S: 1 1 1

wall
T: -44.6 -0.01000023 -18.6
R: -0.4997425 -0.5002574 -0.4997425 0.5002574
S: 1 1 1

wall
T: -49.2 -0.01996613 1.239994
R: -0.7068661 0 0 0.7073474
S: 1 1 1

wall
T: 45.01999 -0.04992676 46.59999
R: -0.4998298 0.5001702 0.4998297 0.5001702
S: 1 1 1

wall
T: 5.110001 0.0341121 -49.2
R: -0.4998298 -0.5001702 -0.4998297 0.5001702
S: 1 1 1

wall
T: 49.2 0 43
R: 0 0.7073474 0.7068661 0
S: 1 1 1

wall
T: 49.2 -0.02814102 -13.01999
R: 0 0.7073474 0.7068661 0
S: 1 1 1

wall
T: -26.88999 0.01232791 -49.2
R: -0.4998298 -0.5001702 -0.4998297 0.5001702
S: 1 1 1

wall
T: 31.01998 -0.04039764 46.6
R: -0.4998298 0.5001702 0.4998297 0.5001702
S: 1 1 1

wall
T: 49.2 -0.04583645 -39.01998
R: 0 0.7073474 0.7068661 0
S: 1 1 1

wall
T: 49.2 -0.01860809 0.9800072
R: 0 0.7073474 0.7068661 0
S: 1 1 1

wall
T: -40.88 -0.02999878 17.89999
R: -0.4997425 0.5002574 0.4997425 0.5002574
S: 1 1 1

wall
T: -15.00001 -0.01905823 46.59999
R: -0.4998298 0.5001702 0.4998297 0.5001702
S: 1 1 1

wall
T: 19.13001 0.03366184 -49.2
R: -0.4998298 -0.5001702 -0.4998297 0.5001702
S: 1 1 1

wall
T: -42.88 -0.02999878 17.89999
R: -0.4997425 0.5002574 0.4997425 0.5002574
S: 1 1 1

wall
T: -0.9800072 -0.01860809 46.59999
R: -0.4998298 0.5001702 0.4998297 0.5001702
S: 1 1 1

wall
T: -49.2 -0.01860428 -0.760006
R: -0.7068661 0 0 0.7073474
S: 1 1 1

wall
T: 49.2 -0.01361847 23
R: 0 0.7073474 0.7068661 0
S: 1 1 1

wall
T: 35.13 0.04455388 -49.2
R: -0.4998298 -0.5001702 -0.4998297 0.5001702
S: 1 1 1

wall
T: 17.13001 0.03230035 -49.2
R: -0.4998298 -0.5001702 -0.4998297 0.5001702
S: 1 1 1

wall
T: -49.2 -0.00544548 -34.78
R: -0.7068661 0 0 0.7073474
S: 1 1 1

wall
T: -43 0 46.59999
R: -0.4998298 0.5001702 0.4998297 0.5001702
S: 1 1 1

wall
T: -49.2 -0.02178192 -10.78001
R: -0.7068661 0 0 0.7073474
S: 1 1 1

wall
T: 49.2 -0.04719734 -41.01998
R: 0 0.7073474 0.7068661 0
S: 1 1 1

wall
T: 49.2 -0.03222656 -19.01999
R: 0 0.7073474 0.7068661 0
S: 1 1 1

//////////////////////SkinnedObjects//////////////////////
Clown
T: -21.2 0.2 -5
R: -0.6339096 -0.3043176 -0.2990519 0.6450716
S: 0.13 0.13 0.13

ClowncameraOffset
T: -23.57123 2.332356 -7.88056

Clown
T: -12.99 0.2 -9.6
R: -0.7009093 0 0 0.7132505
S: 0.13 0.13 0.13

ClowncameraOffset
T: -16.721 2.332356 -9.601786

Clown
T: -21.2 0.2 -9.6
R: -0.6278666 0.3170254 0.3115398 0.638922
S: 0.13 0.13 0.13

ClowncameraOffset
T: -23.45821 2.332356 -6.630011

Clown
T: -21.2 0.2 3.1
R: -0.6643851 0.2272392 0.2233073 0.6760833
S: 0.13 0.13 0.13

ClowncameraOffset
T: -24.17466 2.332356 5.352062

Clown
T: -21.2 0.2 27.4
R: -0.2559648 -0.6639885 -0.6524997 0.2604717
S: 0.13 0.13 0.13

ClowncameraOffset
T: -18.46294 2.332356 24.86447

Clown
T: -21.2 0.2 14.24
R: -0.648375 0.2709273 0.2662394 0.6597915
S: 0.13 0.13 0.13

ClowncameraOffset
T: -23.8556 2.332356 16.86072

Clown
T: -9.41 0.2 -0.93
R: -0.7009093 0 0 0.7132505
S: 0.13 0.13 0.13

ClowncameraOffset
T: -13.141 2.332356 -0.9317855

Clown
T: -9.41 0.2 18.85
R: -0.6065021 -0.3575105 -0.3513246 0.6171812
S: 0.13 0.13 0.13

ClowncameraOffset
T: -11.26468 2.332357 15.61264

Clown
T: -1.35 0.2 18.85
R: -0.7009093 0 0 0.7132505
S: 0.13 0.13 0.13

ClowncameraOffset
T: -5.081 2.332356 18.84822

Clown
T: -1.35 0.2 13.81
R: -0.7009093 0 0 0.7132505
S: 0.13 0.13 0.13

ClowncameraOffset
T: -5.081 2.332356 13.80822

Clown
T: 8.2 0.2 13.81
R: -0.7009093 0 0 0.7132505
S: 0.13 0.13 0.13

ClowncameraOffset
T: 4.469 2.332356 13.80822

Clown
T: 8.2 0.2 4.52
R: -0.7009093 0 0 0.7132505
S: 0.13 0.13 0.13

ClowncameraOffset
T: 4.469 2.332356 4.518214

Clown
T: 8.2 0.2 -7.26
R: -0.7009093 0 0 0.7132505
S: 0.13 0.13 0.13

ClowncameraOffset
T: 4.469 2.332356 -7.261786

Clown
T: 4.602 0.2 -7.26
R: -0.6307124 0.3111212 0.3057379 0.6418176
S: 0.13 0.13 0.13

ClowncameraOffset
T: 2.289409 2.332356 -4.332154

Clown
T: 4.602 0.2 10.03
R: -0.6586393 0.243946 0.239725 0.6702362
S: 0.13 0.13 0.13

ClowncameraOffset
T: 1.742741 2.332356 12.42687

Clown
T: 4.602 0.2 0
R: 0 -0.7132505 -0.7009093 0
S: 0.13 0.13 0.13

ClowncameraOffset
T: 8.333001 2.332356 0.00178504

Clown
T: -37.07 0.2 0.53
R: -0.6407354 -0.2891368 -0.2841339 0.6520169
S: 0.13 0.13 0.13

ClowncameraOffset
T: -39.57343 2.332356 -2.236443

Clown
T: -10.86 0.2 7.88
R: -0.5573068 -0.4325527 -0.4250683 0.5671193
S: 0.13 0.13 0.13

ClowncameraOffset
T: -11.84487 2.332355 4.281333

Clown
T: 24.99 0.16 -29.88
R: -0.7009093 0 0 0.7132505
S: 0.13 0.13 0.13

ClowncameraOffset
T: 21.259 2.292356 -29.88178

Clown
T: 19.11 0.21 -6.5
R: -0.7009093 0 0 0.7132505
S: 0.13 0.13 0.13

ClowncameraOffset
T: 15.379 2.342356 -6.501785

Clown
T: -4.02 0.2 7.88
R: -0.7009093 0 0 0.7132505
S: 0.13 0.13 0.13

ClowncameraOffset
T: -7.751 2.332356 7.878215

