tower_round
T: 31.2 0.04241402 36.80005
R: -0.7071069 0 1.056469E-08 0.7071068
S: 1 1 1

tower_round
T: 31.2 -0.005853892 -39.2
R: -0.7071068 0 0 0.7071067
S: 1 1 1

tower_round
T: 31.2 -0.03267288 0.1999893
R: -0.7071069 0 1.056469E-08 0.7071068
S: 1 1 1

tower_round
T: 31.2 -0.04519748 18.59998
R: -0.7071069 0 1.056469E-08 0.7071068
S: 1 1 1

tower_round
T: 31.2 -0.01926339 -19.50001
R: -0.7071068 0 0 0.7071067
S: 1 1 1

tower_round
T: 16.3 -0.01926338 -19.50001
R: -0.7071068 0 0 0.7071067
S: 1 1 1

tower_round
T: 16.3 -0.04519748 18.59998
R: -0.7071069 0 1.056469E-08 0.7071068
S: 1 1 1

tower_round
T: 16.3 -0.03267288 0.1999893
R: -0.7071069 0 1.056469E-08 0.7071068
S: 1 1 1

tower_round
T: 16.3 -0.005853892 -39.2
R: -0.7071068 0 0 0.7071067
S: 1 1 1

tower_round
T: 16.3 0.04241402 36.80004
R: -0.7071069 0 1.056469E-08 0.7071068
S: 1 1 1

tower_round
T: 1 0.04241402 36.80005
R: -0.7071069 0 1.056469E-08 0.7071068
S: 1 1 1

tower_round
T: 1 -0.005853892 -39.2
R: -0.7071068 0 0 0.7071067
S: 1 1 1

tower_round
T: 1 -0.03267288 0.1999893
R: -0.7071069 0 1.056469E-08 0.7071068
S: 1 1 1

tower_round
T: 1 -0.04519748 18.59998
R: -0.7071069 0 1.056469E-08 0.7071068
S: 1 1 1

tower_round
T: 1 -0.01926339 -19.50001
R: -0.7071068 0 0 0.7071067
S: 1 1 1

tower_round
T: -15 8.381903E-07 -19.50001
R: -0.7071068 0 0 0.7071067
S: 1 1 1

tower_round
T: -15 -9.536743E-07 18.6
R: -0.7071069 0 1.056469E-08 0.7071068
S: 1 1 1

tower_round
T: -15 -0.03267288 0.1999893
R: -0.7071069 0 1.056469E-08 0.7071068
S: 1 1 1

tower_round
T: -15 -0.005853892 -39.2
R: -0.7071068 0 0 0.7071067
S: 1 1 1

tower_round
T: -15 0.04241402 36.80004
R: -0.7071069 0 1.056469E-08 0.7071068
S: 1 1 1

tower_round
T: -32 0.04241402 36.80005
R: -0.7071069 0 1.056469E-08 0.7071068
S: 1 1 1

tower_round
T: -32 -0.005853892 -39.2
R: -0.7071068 0 0 0.7071067
S: 1 1 1

tower_round
T: -32 -0.03267288 0.1999893
R: -0.7071069 0 1.056469E-08 0.7071068
S: 1 1 1

Plane
T: 0 0 0
R: 0 0 0 1
S: 10 1 10

Crate
T: -33 -0.01180915 -15.76
R: -0.7071068 0 0 0.7071068
S: 0.01 0.01 0.01

tower_corner
T: -47.8 0 -47.8
R: -0.7068661 0 0 0.7073474
S: 100 100 100

Crate
T: -20.47 0.6587747 -45.99955
R: -0.6991843 -0.1055529 -0.1055528 0.6991842
S: 0.01 0.01000003 0.01000003

Sack_a
T: -46.93 -0.002920139 -43.51
R: -0.6393902 0.3019605 0.3019605 0.6393903
S: 0.01 0.01000001 0.01000001

tower_corner
T: -47.8 -0.02999675 19.09999
R: -0.7071069 0 1.056469E-08 0.7071068
S: 1 1 1

Hay_c
T: -46.95 -0.02519215 -10.79001
R: -0.7071068 0 0 0.7071068
S: 0.01 0.01 0.01

Sack_a
T: -46.6467 -0.004417687 -41.3954
R: -0.258205 0.6582782 0.6582779 0.2582057
S: 0.01 0.01000001 0.01000002

tower_round 
T: -32 -9.536743E-07 18.6
R: -0.7071069 0 1.056469E-08 0.7071068
S: 1 1 1

Crate
T: -32.86 0.7882247 -15.80946
R: -0.7021622 -0.08347642 -0.08347638 0.7021622
S: 0.01 0.01000001 0.01000001

Crate
T: -20.96 -0.09099378 -46.34006
R: -0.7065138 -0.02895363 -0.02895361 0.7065138
S: 0.01 0.01000002 0.01000001

Crate
T: -21.76 -0.09098697 -46.35006
R: -0.7065138 -0.02895363 -0.02895361 0.7065138
S: 0.01 0.01000002 0.01000002

tower_round
T: -32 8.381903E-07 -19.5
R: -0.7071068 0 0 0.7071067
S: 1 1 1

tower_corner
T: -47.8 -2.384186E-06 47.8
R: -0.7068661 0 0 0.7073474
S: 1 1 1

Sack_b
T: -32.17 0.006610433 -13.43999
R: -0.5657184 0.4242203 0.4242204 0.5657182
S: 0.01 0.01 0.01

Crate
T: -21.38 0.6590536 -46.40955
R: -0.7065138 -0.02895363 -0.02895361 0.7065138
S: 0.01 0.01000003 0.01000002

Tent
T: 7.710003 0.259919 -32.98982
R: -0.002464434 -0.7071026 -0.7071023 0.002464634
S: 0.009999989 0.01000001 0.01000001

Tent
T: 11.4 0.2599122 -32.97982
R: -0.002464434 -0.7071026 -0.7071023 0.002464634
S: 0.01 0.01000002 0.01000002

tower_corner
T: 47.8 -2.384186E-06 47.8
R: 0 0.7073474 0.7068661 0
S: 1 1 1

Sack_a
T: -46.64 -0.002718329 44.34002
R: -0.6393902 0.3019605 0.3019605 0.6393903
S: 0.01 0.01000001 0.01000001

Crate
T: -33.83 0.01819764 -15.76998
R: -0.7071068 0 0 0.7071068
S: 0.01 0.01000001 0.01000001

Sewers_entrance
T: -39.07 0.08722974 -43.72994
R: -0.6552877 0.2657029 0.2657029 0.6552877
S: 0.01 0.01000001 0.01000001

tower_corner
T: -47.8 0 -47.8
R: -0.7071068 0 0 0.7071067
S: 1 0.9999997 0.9999997

tower_corner
T: -47.8 -0.01000118 -19.8
R: -0.7071068 0 0 0.7071067
S: 1 1 1

Crate
T: -20.07 -0.09101029 -46.32006
R: -0.7065138 -0.02895363 -0.02895361 0.7065138
S: 0.01 0.01000002 0.01000002

tower_corner
T: 47.8 0 -47.8
R: 0 0.7073474 0.7068661 0
S: 1 1 1

wallAABB
T: 48.62 0 3.37
R: 0 0.7071068 0 0.7071068
S: 1 1 1
extent 51.6441 2.522203 0.5
center -0.3025665 2.022203 0

wallAABB
T: -48.61 0 3.37
R: 0 0.7071068 0 0.7071068
S: 1 1 1
extent 51.6441 2.522203 0.5
center -0.3025665 2.022203 0

wallAABB
T: 0 0 46.06
R: 0 0 0 1
S: 1 1 1
extent 51.6441 2.522203 0.5
center -0.3025665 2.022203 0

wallAABB
T: 0 0 -48.8
R: 0 0 0 1
S: 1 1 1
extent 51.6441 2.522203 0.5
center -0.3025665 2.022203 0