Crate
T: -20.07 -0.09101033 -46.32006
R: -0.7065138 -0.02895363 -0.02895361 0.7065138
S: 0.01 0.01000002 0.01000002
extent 0.3999999 0.3999999 0.3999999
center 2.486899E-15 0 0.3999999
type 1

Crate
T: -33 -0.0118103 -15.76
R: -0.7071068 0 0 0.7071068
S: 0.01 0.01 0.01
extent 0.3999999 0.3999999 0.3999999
center 0 0 0.3999999
type 1

Tent
T: -44.69 0.2585526 13.09019
R: -0.7071068 0 0 0.7071068
S: 0.01 0.01 0.01
extent 1.599768 0.8855579 1.417231
center 0 0.6617608 1.173125
type 1

Crate
T: -21.38 0.6590537 -46.40955
R: -0.7065138 -0.02895363 -0.02895361 0.7065138
S: 0.01 0.01000003 0.01000002
extent 0.3999999 0.3999999 0.3999999
center 1.24345E-15 0 0.3999999
type 1

Crate
T: -33.83 0.01819992 -15.76998
R: -0.7071068 0 0 0.7071068
S: 0.01 0.01000001 0.01000001
extent 0.3999999 0.3999999 0.3999999
center 0 0 0.3999999
type 1

Sewers_entrance
T: -38.54 0.03990173 40.49005
R: -0.7071068 0 0 0.7071068
S: 0.01 0.01 0.01
extent 1.654042 1.456 0.2043382
center 0 1.788139E-07 0.1534405
type 1

Hay_b
T: 32.09 -0.05440521 17.42998
R: -0.7071068 0 0 0.7071068
S: 0.01 0.01000001 0.01000001
extent 1.347041 1.347041 0.9006237
center 0 1.788139E-07 0.9006237
type 1

angelStatue
T: 0 0 0
R: 0 0 0 1
S: 2 2 2
extent 2.287998 2.380848 2.140191
center 0.6952562 2.366718 -0.5474489
type 1

Hay_b
T: -35.7 0.176178 -12.79987
R: -0.7071068 0 0 0.7071068
S: 0.01 0.01 0.01
extent 1.347041 1.347041 0.9006237
center 0 1.788139E-07 0.9006237
type 1

Food_b
T: -35.757 1.085846 12.65675
R: -0.4537994 -0.4325096 -0.541581 0.5600818
S: 0.01 0.01 0.01
extent 0.2566487 0.3999999 0.1044399
center -3.112551E-09 9.726722E-11 0.1044399
type 1

Building_e
T: 31.6 0.3853645 -26.29973
R: -0.7069839 -0.002787193 -0.002786728 0.7072186
S: 0.01 0.01 0.01000001
extent 12.51346 8.439621 4.74858
center 0.0494833 8.039621 4.338607
type 1

Sack_b
T: -32.17 0.00661087 -13.43999
R: -0.5657184 0.4242203 0.4242204 0.5657182
S: 0.01 0.01 0.01
extent 0.312 0.54 0.1636
center 2.773334E-16 1.317334E-15 0.1561248
type 1

Tent
T: 7.710003 0.2599182 -32.98982
R: -0.002464434 -0.7071026 -0.7071023 0.002464634
S: 0.009999989 0.01000001 0.01000001
extent 1.599768 0.8855579 1.417231
center 1.484771E-14 0.6617608 1.173125
type 1

Tent
T: 11.4 0.2599115 -32.97982
R: -0.002464434 -0.7071026 -0.7071023 0.002464634
S: 0.01 0.01000002 0.01000002
extent 1.599768 0.8855579 1.417231
center -1.406625E-14 0.6617608 1.173125
type 1

Tent
T: -46.53 0.2740326 5.040203
R: 0.4970775 0.5029057 0.5029053 -0.4970775
S: 0.01 0.01000001 0.01000001
extent 1.599768 0.8855579 1.417231
center 0 0.6617608 1.173125
type 1

Building_c
T: -7.889999 0.4047775 33.33029
R: -0.0001111661 0.7071069 0.7071068 -0.0001110149
S: 0.01000002 0.01000001 0.01000001
extent 6.299148 5.236192 3.490196
center -4.211609 4.836193 3.080224
type 1

tower_corner
T: -47.8 0 -47.8
R: -0.7071068 0 0 0.7071067
S: 1 0.9999997 0.9999997
extent 0.02244747 0.02244657 0.0475
center -3.129244E-06 -2.582371E-05 0.0475
type 1

Food_a
T: -40.725 0.9590416 12.37167
R: -0.3773474 0.4487826 0.5905908 0.5544418
S: 0.01 0.01 0.01
extent 0.2566487 0.3999999 0.1044399
center 4.768372E-07 0 0.1044401
type 1

tower_corner
T: 47.8 0 47.8
R: 0 0.7073474 0.7068661 0
S: 1 1 1
extent 0.02244747 0.02244657 0.0475
center -3.129244E-06 -2.582371E-05 0.0475
type 2

tower_round 
T: -32 0 18.6
R: -0.7071069 0 1.056469E-08 0.7071068
S: 1 1 1
extent 2.53213601 3.3213601 2.55578243
center 1.862645E-09 3.72529E-09 0.05578243
type 1

Crate
T: -20.47 0.6587746 -45.99955
R: -0.6991843 -0.1055529 -0.1055528 0.6991842
S: 0.01 0.01000003 0.01000003
extent 0.3999999 0.3999999 0.3999999
center 7.105426E-16 -1.421085E-15 0.3999999
type 1

Tent
T: -35.34 0.2585945 13.03019
R: -0.7071068 0 0 0.7071068
S: 0.01 0.01000001 0.01000001
extent 1.599768 0.8855579 1.417231
center 0 0.6617608 1.173125
type 1

tower_corner
T: -47.8 -0.01000023 -19.8
R: -0.7071068 0 0 0.7071067
S: 1 1 1
extent 0.02244747 0.02244657 0.0475
center -3.129244E-06 -2.582371E-05 0.0475
type 2

tower_corner
T: -47.8 -0.02999878 19.09999
R: -0.7071069 0 1.056469E-08 0.7071068
S: 1 1 1
extent 0.02244747 0.02244657 0.0475
center -3.129244E-06 -2.582371E-05 0.0475
type 2

Building_b
T: -33 0.3904018 -33.69973
R: 0.4930773 -0.506833 -0.5066643 -0.4932407
S: 0.009999999 0.01 0.01
extent 6.299147 5.18352 4.490196
center 0.09160925 4.783521 3.080224
type 2

Building_b
T: -12.48 0.413023 -37.54972
R: 0.7073382 -0.0258252 0.02372616 -0.7060049
S: 0.009999997 0.01 0.01
extent 6.299149 5.18352 3.490196
center 0.09160925 4.783521 3.080224
type 1

Building_f
T: -21.62 0.2425919 38.54018
R: 0.02366205 -0.7067183 -0.7067111 -0.02342849
S: 0.01 0.01 0.01
extent 2.757378 2.647083 5.90343  
center 0 0.7353004 1.706986
type 1

Sack_a
T: -46.6467 -0.004417896 -41.3954
R: -0.258205 0.6582782 0.6582779 0.2582057
S: 0.01 0.01000001 0.01000002
extent 0.9890622 1.124405 0.4919061
center 0.1375171 0.05311947 0.4825452
type 1

Sack_a
T: -30.75 -0.0009078979 12.30001
R: -0.6393902 0.3019605 0.3019604 0.6393903
S: 0.01 0.01000001 0.01000001
extent 0.9890624 1.124405 0.4919062
center 0.1375171 0.05311949 0.4825453
type 1

tower_round
T: -32 0 -19
R: -0.7071068 0 0 0.7071067
S: 1 1 1
extent 2.53213601 3.33213601 2.55578243
center 1.862645E-09 3.72529E-09 0.05578243
type 1

Hay_a
T: -33 -0.0250473 -11.00001
R: -0.7071068 0 0 0.7071068
S: 0.01 0.01 0.01
extent 1.347041 1.347041 0.3767327
center 0 1.788139E-07 0.3767327
type 1

Tent
T: -39.8 0.27668 -13.53981
R: -0.004728711 0.707091 0.7070909 0.004728989
S: 0.01 0.01000001 0.01000001
extent 1.599768 0.8855578 1.417231
center 7.814584E-15 0.6617607 1.173125
type 1

Building_d
T: 35.90001 0.3586159 13.00026
R: -0.5000349 -0.5000349 -0.4999651 0.4999651
S: 0.01 0.01 0.01
extent 2 1.92 3.204985
center -4.067279E-11 1.6 2.795013
type 1

Sack_a
T: -46.64 -0.002723694 44.34002
R: -0.6393902 0.3019605 0.3019605 0.6393903
S: 0.01 0.01000001 0.01000001
extent 0.9890623 1.124405 0.4919062
center 0.1375171 0.05311948 0.4825453
type 1

Food_b
T: -45.213 0.9978447 12.6617
R: -0.4537994 -0.4325096 -0.541581 0.5600818
S: 0.01 0.01000001 0.01
extent 0.2566487 0.3999999 0.1044399
center -3.112551E-09 1.945344E-10 0.1044399
type 1

Building_c
T: 21.5 0.4565048 16.10033
R: -0.4992557 0.5009 0.5007431 0.4990985
S: 0.01000002 0.01000001 0.01000001
extent 6.299148 5.236192 4.990196
center -4.211609 4.836193 3.080224
type 2

Barrel
T: -36.49 0.0475769 29.21006
R: -0.7071068 0 0 0.7071068
S: 0.01 0.01000001 0.01000001
extent 0.4999999 0.4999999 0.5499999
center 0 0 0.5499999
type 1

Food_b
T: -39.578 0.9978485 12.6567
R: -0.4537994 -0.4325096 -0.541581 0.5600818
S: 0.01 0.01000001 0.01
extent 0.2566487 0.3999999 0.1044399
center 9.521181E-07 0 0.1044399
type 1

Barrel
T: -35.3 0.04817963 28.33006
R: -0.7071068 0 0 0.7071068
S: 0.01 0.01000002 0.01000002
extent 0.4999999 0.4999999 0.5499999
center 0 0 0.5499999
type 1

Tent
T: -45.18 0.2768822 -13.83981
R: -0.004728712 0.707091 0.7070909 0.004728989
S: 0.01 0.01000001 0.01000001
extent 1.599768 0.8855579 1.417231
center -2.318326E-14 0.6617608 1.173125
type 1

Building_c
T: -15.77 0.4838276 -24.03967
R: -0.0001111661 0.7071069 0.7071068 -0.0001110149
S: 0.01000002 0.01000001 0.01000001
extent 6.299148 5.236192 3.490196
center -4.211609 4.836193 3.080224
type 1

Food_a
T: -34.804 1.044918 12.55472
R: -0.3773474 0.4487826 0.5905908 0.5544418
S: 0.01 0.01 0.01
extent 0.2566488 0.3999999 0.1044399
center 3.112551E-09 3.890689E-10 0.1044397
type 1

Food_a
T: -44.177 0.9588737 12.61866
R: -0.3773474 0.4487826 0.5905908 0.5544418
S: 0.01000001 0.01000001 0.01
extent 0.2566487 0.3999999 0.1044399
center 4.799497E-07 3.815087E-06 0.1044399
type 1

tower_corner
T: 47.8 0 -47.8
R: 0 0.7073474 0.7068661 0
S: 1 1 1
extent 0.02244747 0.02244657 0.0475
center -3.129244E-06 -2.582371E-05 0.0475
type 2

tower_corner
T: -47.8 0 -47.8
R: -0.7068661 0 0 0.7073474
S: 100 100 100
extent 0.02244747 0.02244657 0.0475
center -3.129244E-06 -2.582372E-05 0.0475
type 2

Crate
T: -32.86 0.7882252 -15.80946
R: -0.7021622 -0.08347642 -0.08347638 0.7021622
S: 0.01 0.01000001 0.01000001
extent 0.3999999 0.3999999 0.4
center -6.661337E-17 -4.440891E-16 0.4
type 1

Building_c
T: 8.149998 0.4445267 33.70032
R: -0.0001111661 0.7071069 0.7071068 -0.0001110149
S: 0.01 0.01 0.01
extent 6.299148 5.236192 3.490196
center -4.211609 4.836193 3.080224
type 1

Crate
T: -20.96 -0.09099388 -46.34006
R: -0.7065138 -0.02895363 -0.02895361 0.7065138
S: 0.01 0.01000002 0.01000001
extent 0.3999999 0.3999999 0.3999999
center -3.552713E-16 -5.684341E-15 0.3999999
type 1

Well
T: -38.80092 0.04547882 32.29792
R: -0.707078 0.006389606 0.006389639 0.7070778
S: 0.02 0.02 0.02
extent 1.456 1.758815 2.036248
center -5.959943E-08 -0.002805591 1.986248
type 1

Tent
T: -40.18 0.2586288 12.98019
R: -0.7071068 0 0 0.7071068
S: 0.01 0.01000001 0.01000001
extent 1.599768 0.8855579 1.417231
center 0 0.6617608 1.173125
type 1

Tent
T: -46.73 0.2775383 -0.1097946
R: 0.4970775 0.5029057 0.5029053 -0.4970775
S: 0.01 0.01000001 0.01000001
extent 1.599768 0.8855578 1.417231
center 2.980232E-08 0.6617607 1.173125
type 1

Crate
T: -21.76 -0.09098685 -46.35006
R: -0.7065138 -0.02895363 -0.02895361 0.7065138
S: 0.01 0.01000002 0.01000002
extent 0.3999999 0.3999999 0.3999999
center 0 2.84217E-15 0.3999999
type 1

Building_b
T: 3.450001 0.444459 -39.65969
R: 0.4936338 0.5062903 0.5061222 -0.4937977
S: 0.009999999 0.01 0.01
extent 6.299147 5.18352 4.490196
center 0.09160924 4.78352 3.080224
type 2

Building_b
T: 32 0.4469757 30.10033
R: 0.2981163 0.6412749 0.6410623 -0.2982152
S: 0.01 0.01 0.01
extent 6.299147 5.18352 3.490196
center 0.09160923 4.78352 3.080224
type 1

Building_d
T: -27.26051 0.4512634 23.9702
R: 0.4993448 -0.500585 -0.5006537 -0.499415
S: 0.009999999 0.01 0.01
extent 2 1.92 3.204985
center -1.906976E-06 1.6 2.795013
type 1

Sack_a
T: -46.93 -0.002920151 -43.51
R: -0.6393902 0.3019605 0.3019605 0.6393903
S: 0.01 0.01000001 0.01000001
extent 0.9890623 1.124405 0.4919062
center 0.1375171 0.05311948 0.4825453
type 1

tower_corner
T: -47.8 0 47.8
R: -0.7068661 0 0 0.7073474
S: 1 1 1
extent 0.02244747 0.02244657 0.0475
center -3.129244E-06 -2.582372E-05 0.0475
type 2

Sack_a
T: -32.79 -0.0008125305 12.16002
R: -0.7071068 0 0 0.7071068
S: 0.01 0.01 0.01
extent 0.9890623 1.124405 0.4919062
center 0.1375171 0.05311948 0.4825453
type 1

Barrel
T: -36.42 0.04880524 27.41005
R: -0.7071068 0 0 0.7071068
S: 0.01 0.01000001 0.01000001
extent 0.4999999 0.4999999 0.5499999
center 0 0 0.5499999
type 1

Tent
T: -46.93 0.2814674 -5.226086
R: 0.4970775 0.5029057 0.5029053 -0.4970775
S: 0.01 0.01000001 0.01000001
extent 1.599768 0.8855578 1.417231
center 0 0.6617607 1.173125
type 1

Sewers_entrance
T: -39.07 0.08722973 -43.72994
R: -0.6552877 0.2657029 0.2657029 0.6552877
S: 0.01 0.01000001 0.01000001
extent 1.654042 1.456 0.2043382
center -1.065814E-14 1.788139E-07 0.1534405
type 1

Building_e
T: 24.1 0.3916817 -6.199726
R: -0.4999171 -0.5000829 -0.4999171 0.5000829
S: 0.01 0.01 0.01
extent 12.51346 8.439621 7.654858
center 0.0494833 8.039621 4.338607
type 2

Hay_c
T: -46.95 -0.02519226 -10.79001
R: -0.7071068 0 0 0.7071068
S: 0.01 0.01 0.01
extent 1.28 1.28 0.2160624
center 0 0 0.2160624
type 1

wallAABB
T: 48.62 0 3.37
R: 0 0.7071068 0 0.7071068
S: 1 1 1
extent 51.6441 2.522203 0.5
center -0.3025665 2.022203 0
type 2

wallAABB
T: -48.61 0 3.37
R: 0 0.7071068 0 0.7071068
S: 1 1 1
extent 51.6441 2.522203 0.5
center -0.3025665 2.022203 0
type 2

wallAABB
T: 0 0 46.06
R: 0 0 0 1
S: 1 1 1
extent 51.6441 2.522203 0.5
center -0.3025665 2.022203 0
type 1

wallAABB
T: 0 0 -48.8
R: 0 0 0 1
S: 1 1 1
extent 51.6441 2.522203 0.5
center -0.3025665 2.022203 0
type 1