//////////////////////Header//////////////////////
StaticObjectCount: 2
SkinnedObjectCount: 6
InstancedObjectCount: 147
multiMaterialObjectCount: 0
//////////////////////StaticObjects//////////////////////

angelStatue
T: 0 0 0
R: 0 0 0 1
S: 2 2 2

Plane
T: 0 0 0
R: 0 0 0 1
S: 10 1 10

//////////////////////InstancedObjects//////////////////////
wall
T: -49.2 -0.01588058 -4.760006
R: -0.7068661 0 0 0.7073474
S: 1 1 1

wall
T: -49.2 -0.01724243 -2.760002
R: -0.7068661 0 0 0.7073474
S: 1 1 1

wall
T: -49.2 -0.01860428 -0.760006
R: -0.7068661 0 0 0.7073474
S: 1 1 1

wall
T: -49.2 -0.01996613 1.239994
R: -0.7068661 0 0 0.7073474
S: 1 1 1

wall
T: -49.2 -0.02132416 3.239998
R: -0.7068661 0 0 0.7073474
S: 1 1 1

wall
T: -20.88999 0.0164125 -49.19999
R: -0.4998298 -0.5001702 -0.4998297 0.5001702
S: 1 1 1

wall
T: 23.13001 0.03638482 -49.2
R: -0.4998298 -0.5001702 -0.4998297 0.5001702
S: 1 1 1

wall
T: 15.01998 -0.0295105 46.59999
R: -0.4998298 0.5001702 0.4998297 0.5001702
S: 1 1 1

wall
T: -31.00001 -0.008171082 46.59999
R: -0.4998298 0.5001702 0.4998297 0.5001702
S: 1 1 1

wall
T: -40.88998 0.002797365 -49.19999
R: -0.4998298 -0.5001702 -0.4998297 0.5001702
S: 1 1 1

wall
T: 5.110001 0.0341121 -49.2
R: -0.4998298 -0.5001702 -0.4998297 0.5001702
S: 1 1 1

wall
T: -18.88999 0.01777017 -49.19999
R: -0.4998298 -0.5001702 -0.4998297 0.5001702
S: 1 1 1

wall
T: -17.00001 -0.0177002 46.59999
R: -0.4998298 0.5001702 0.4998297 0.5001702
S: 1 1 1

wall
T: -49.2 -0.03494263 23.23998
R: -0.7068661 0 0 0.7073474
S: 1 1 1

wall
T: -49.2 -0.02314377 -8.780003
R: -0.7068661 0 0 0.7073474
S: 1 1 1

wall
T: -49.2 -0.03766632 27.23998
R: -0.7068661 0 0 0.7073474
S: 1 1 1

wall
T: -49.2 -0.03085327 17.24
R: -0.7068661 0 0 0.7073474
S: 1 1 1

wall
T: -4.889996 0.02730072 -49.2
R: -0.4998298 -0.5001702 -0.4998297 0.5001702
S: 1 1 1

wall
T: -8.889984 0.02457774 -49.19999
R: -0.4998298 -0.5001702 -0.4998297 0.5001702
S: 1 1 1

wall
T: 13.13 0.02957726 -49.2
R: -0.4998298 -0.5001702 -0.4998297 0.5001702
S: 1 1 1

wall
T: -39 -0.002723694 46.59999
R: -0.4998298 0.5001702 0.4998297 0.5001702
S: 1 1 1

wall
T: 25.13 0.03774631 -49.2
R: -0.4998298 -0.5001702 -0.4998297 0.5001702
S: 1 1 1

wall
T: -45 0.001358032 46.59999
R: -0.4998298 0.5001702 0.4998297 0.5001702
S: 1 1 1

wall
T: -36.88 -0.03000024 17.9
R: -0.4997425 0.5002574 0.4997425 0.5002574
S: 1 1 1

wall
T: 41.13 0.04863846 -49.2
R: -0.4998298 -0.5001702 -0.4998297 0.5001702
S: 1 1 1

wall
T: 23.01998 -0.03495026 46.59999
R: -0.4998298 0.5001702 0.4998297 0.5001702
S: 1 1 1

wall
T: -49.2 -0.009531021 -28.78001
R: -0.7068661 0 0 0.7073474
S: 1 1 1

wall
T: -49.2 -0.04311371 35.23998
R: -0.7068661 0 0 0.7073474
S: 1 1 1

wall
T: 41.01998 -0.04720306 46.59999
R: -0.4998298 0.5001702 0.4998297 0.5001702
S: 1 1 1

wall
T: -49.2 -0.02949524 15.23999
R: -0.7068661 0 0 0.7073474
S: 1 1 1

wall
T: 29.01998 -0.03903198 46.59999
R: -0.4998298 0.5001702 0.4998297 0.5001702
S: 1 1 1

wall
T: 33.13 0.04319239 -49.2
R: -0.4998298 -0.5001702 -0.4998297 0.5001702
S: 1 1 1

wall
T: -49.2 -0.04991913 45.23998
R: -0.7068661 0 0 0.7073474
S: 1 1 1

wall
T: 11.01999 -0.0267868 46.59999
R: -0.4998298 0.5001702 0.4998297 0.5001702
S: 1 1 1

wall
T: -22.88998 0.01505101 -49.19999
R: -0.4998298 -0.5001702 -0.4998297 0.5001702
S: 1 1 1

wall
T: 21.01999 -0.03358459 46.6
R: -0.4998298 0.5001702 0.4998297 0.5001702
S: 1 1 1

wall
T: 43.13 0.04999995 -49.2
R: -0.4998298 -0.5001702 -0.4998297 0.5001702
S: 1 1 1

wall
T: 27.13 0.0391078 -49.2
R: -0.4998298 -0.5001702 -0.4998297 0.5001702
S: 1 1 1

wall
T: 43.01998 -0.0485611 46.6
R: -0.4998298 0.5001702 0.4998297 0.5001702
S: 1 1 1

wall
T: -42.88 -0.03000095 17.9
R: -0.4997425 0.5002574 0.4997425 0.5002574
S: 1 1 1

wall
T: 9.019981 -0.02542114 46.6
R: -0.4998298 0.5001702 0.4998297 0.5001702
S: 1 1 1

wall
T: -7.000011 -0.02450562 46.59999
R: -0.4998298 0.5001702 0.4998297 0.5001702
S: 1 1 1

wall
T: -9.000011 -0.02314758 46.59999
R: -0.4998298 0.5001702 0.4998297 0.5001702
S: 1 1 1

wall
T: 25.01998 -0.03630829 46.6
R: -0.4998298 0.5001702 0.4998297 0.5001702
S: 1 1 1

wall
T: -10.88999 0.02321625 -49.2
R: -0.4998298 -0.5001702 -0.4998297 0.5001702
S: 1 1 1

wall
T: -14.88999 0.02049315 -49.2
R: -0.4998298 -0.5001702 -0.4998297 0.5001702
S: 1 1 1

wall
T: -49.2 -0.02042007 -12.78001
R: -0.7068661 0 0 0.7073474
S: 1 1 1

wall
T: -15.00001 -0.01905823 46.59999
R: -0.4998298 0.5001702 0.4998297 0.5001702
S: 1 1 1

wall
T: 29.13001 0.04046941 -49.2
R: -0.4998298 -0.5001702 -0.4998297 0.5001702
S: 1 1 1

wall
T: -49.2 0.00136137 -44.78
R: -0.7068661 0 0 0.7073474
S: 1 1 1

wall
T: -13.00001 -0.02042389 46.59999
R: -0.4998298 0.5001702 0.4998297 0.5001702
S: 1 1 1

wall
T: -49.2 -0.01361465 -22.78001
R: -0.7068661 0 0 0.7073474
S: 1 1 1

wall
T: -49.2 -0.02178192 -10.78001
R: -0.7068661 0 0 0.7073474
S: 1 1 1

wall
T: -30.88998 0.009604931 -49.19999
R: -0.4998298 -0.5001702 -0.4998297 0.5001702
S: 1 1 1

wall
T: -12.88999 0.02185476 -49.2
R: -0.4998298 -0.5001702 -0.4998297 0.5001702
S: 1 1 1

wall
T: 17.01999 -0.03086853 46.59999
R: -0.4998298 0.5001702 0.4998297 0.5001702
S: 1 1 1

wall
T: -49.2 0 -42.78
R: -0.7068661 0 0 0.7073474
S: 1 1 1

wall
T: -2.889996 0.02866602 -49.2
R: -0.4998298 -0.5001702 -0.4998297 0.5001702
S: 1 1 1

wall
T: -49.2 -0.01905823 -14.78001
R: -0.7068661 0 0 0.7073474
S: 1 1 1

wall
T: 19.01999 -0.03222656 46.6
R: -0.4998298 0.5001702 0.4998297 0.5001702
S: 1 1 1

wall
T: -32.88999 0.008243442 -49.19999
R: -0.4998298 -0.5001702 -0.4998297 0.5001702
S: 1 1 1

wall
T: 13.01999 -0.02814484 46.59999
R: -0.4998298 0.5001702 0.4998297 0.5001702
S: 1 1 1

wall
T: -49.2 -0.04855347 43.23998
R: -0.7068661 0 0 0.7073474
S: 1 1 1

wall
T: 19.13001 0.03366184 -49.2
R: -0.4998298 -0.5001702 -0.4998297 0.5001702
S: 1 1 1

wall
T: -49.2 -0.006807327 -32.78
R: -0.7068661 0 0 0.7073474
S: 1 1 1

wall
T: -43 0 46.59999
R: -0.4998298 0.5001702 0.4998297 0.5001702
S: 1 1 1

wall
T: -11.00001 -0.02178192 46.59999
R: -0.4998298 0.5001702 0.4998297 0.5001702
S: 1 1 1

wall
T: -33 -0.00680542 46.59999
R: -0.4998298 0.5001702 0.4998297 0.5001702
S: 1 1 1

wall
T: -0.9800072 -0.01860809 46.59999
R: -0.4998298 0.5001702 0.4998297 0.5001702
S: 1 1 1

wall
T: 31.13 0.0418309 -49.2
R: -0.4998298 -0.5001702 -0.4998297 0.5001702
S: 1 1 1

wall
T: 39.13 0.04727697 -49.2
R: -0.4998298 -0.5001702 -0.4998297 0.5001702
S: 1 1 1

wall
T: 7.130009 0.02549279 -49.2
R: -0.4998298 -0.5001702 -0.4998297 0.5001702
S: 1 1 1

wall
T: 31.01998 -0.04039764 46.6
R: -0.4998298 0.5001702 0.4998297 0.5001702
S: 1 1 1

wall
T: -24.88998 0.0136894 -49.2
R: -0.4998298 -0.5001702 -0.4998297 0.5001702
S: 1 1 1

wall
T: -4.980003 -0.0158844 46.6
R: -0.4998298 0.5001702 0.4998297 0.5001702
S: 1 1 1

wall
T: -49.2 -0.03902435 29.23998
R: -0.7068661 0 0 0.7073474
S: 1 1 1

wall
T: 3.110004 0.03275061 -49.2
R: -0.4998298 -0.5001702 -0.4998297 0.5001702
S: 1 1 1

wall
T: -26.88999 0.01232791 -49.2
R: -0.4998298 -0.5001702 -0.4998297 0.5001702
S: 1 1 1

wall
T: -29.00001 -0.009529114 46.59999
R: -0.4998298 0.5001702 0.4998297 0.5001702
S: 1 1 1

wall
T: -49.2 -0.03630829 25.23998
R: -0.7068661 0 0 0.7073474
S: 1 1 1

wall
T: -40.88 -0.03000048 17.9
R: -0.4997425 0.5002574 0.4997425 0.5002574
S: 1 1 1

wall
T: -49.2 -0.02677917 11.23999
R: -0.7068661 0 0 0.7073474
S: 1 1 1

wall
T: -49.2 -0.00136137 -40.78
R: -0.7068661 0 0 0.7073474
S: 1 1 1

wall
T: 3.019993 -0.02133179 46.59999
R: -0.4998298 0.5001702 0.4998297 0.5001702
S: 1 1 1

wall
T: 45.12999 0.05136144 -49.2
R: -0.4998298 -0.5001702 -0.4998297 0.5001702
S: 1 1 1

wall
T: -38.88 -0.03000048 17.9
R: -0.4997425 0.5002574 0.4997425 0.5002574
S: 1 1 1

wall
T: -25.00001 -0.01225281 46.59999
R: -0.4998298 0.5001702 0.4998297 0.5001702
S: 1 1 1

wall
T: -21.00001 -0.0149765 46.59999
R: -0.4998298 0.5001702 0.4998297 0.5001702
S: 1 1 1

wall
T: -38.88999 0.004158854 -49.2
R: -0.4998298 -0.5001702 -0.4998297 0.5001702
S: 1 1 1

wall
T: 33.01999 -0.04175568 46.6
R: -0.4998298 0.5001702 0.4998297 0.5001702
S: 1 1 1

wall
T: 17.13001 0.03230035 -49.2
R: -0.4998298 -0.5001702 -0.4998297 0.5001702
S: 1 1 1

wall
T: -49.2 -0.0254097 9.239994
R: -0.7068661 0 0 0.7073474
S: 1 1 1

wall
T: 1.019997 -0.01997375 46.59999
R: -0.4998298 0.5001702 0.4998297 0.5001702
S: 1 1 1

wall
T: -42.6 -0.01000023 -18.6
R: -0.4997425 -0.5002574 -0.4997425 0.5002574
S: 1 1 1

wall
T: -49.2 -0.02404785 7.239994
R: -0.7068661 0 0 0.7073474
S: 1 1 1

wall
T: -6.889996 0.02593923 -49.19999
R: -0.4998298 -0.5001702 -0.4998297 0.5001702
S: 1 1 1

wall
T: 1.110004 0.03138912 -49.2
R: -0.4998298 -0.5001702 -0.4998297 0.5001702
S: 1 1 1

wall
T: -28.88998 0.01096642 -49.2
R: -0.4998298 -0.5001702 -0.4998297 0.5001702
S: 1 1 1

wall
T: -49.2 -0.004084587 -36.78
R: -0.7068661 0 0 0.7073474
S: 1 1 1

wall
T: -49.2 -0.022686 5.239994
R: -0.7068661 0 0 0.7073474
S: 1 1 1

wall
T: -37 -0.004081726 46.6
R: -0.4998298 0.5001702 0.4998297 0.5001702
S: 1 1 1

wall
T: -49.2 -0.00272274 -38.78
R: -0.7068661 0 0 0.7073474
S: 1 1 1

wall
T: 37.13 0.04591537 -49.2
R: -0.4998298 -0.5001702 -0.4998297 0.5001702
S: 1 1 1

wall
T: -27.00001 -0.01089478 46.59999
R: -0.4998298 0.5001702 0.4998297 0.5001702
S: 1 1 1

wall
T: 11.13 0.02821577 -49.2
R: -0.4998298 -0.5001702 -0.4998297 0.5001702
S: 1 1 1

wall
T: -49.2 -0.04719543 41.23998
R: -0.7068661 0 0 0.7073474
S: 1 1 1

wall
T: -35 -0.005447388 46.59999
R: -0.4998298 0.5001702 0.4998297 0.5001702
S: 1 1 1

wall
T: 27.01999 -0.03767395 46.59999
R: -0.4998298 0.5001702 0.4998297 0.5001702
S: 1 1 1

wall
T: -49.2 -0.0458374 39.23998
R: -0.7068661 0 0 0.7073474
S: 1 1 1

wall
T: -2.980007 -0.01725006 46.59999
R: -0.4998298 0.5001702 0.4998297 0.5001702
S: 1 1 1

wall
T: -44.88999 7.43866E-05 -49.19999
R: -0.4998298 -0.5001702 -0.4998297 0.5001702
S: 1 1 1

wall
T: -16.88999 0.01913166 -49.2
R: -0.4998298 -0.5001702 -0.4998297 0.5001702
S: 1 1 1

wall
T: -44.6 -0.01000023 -18.6
R: -0.4997425 -0.5002574 -0.4997425 0.5002574
S: 1 1 1

wall
T: -49.2 -0.03357697 21.24
R: -0.7068661 0 0 0.7073474
S: 1 1 1

wall
T: 9.130005 0.02685428 -49.2
R: -0.4998298 -0.5001702 -0.4998297 0.5001702
S: 1 1 1

wall
T: -42.88998 0.001435876 -49.19999
R: -0.4998298 -0.5001702 -0.4998297 0.5001702
S: 1 1 1

wall
T: -34.6 -0.01000023 -18.6
R: -0.4997425 -0.5002574 -0.4997425 0.5002574
S: 1 1 1

wall
T: -19.00001 -0.01633453 46.6
R: -0.4998298 0.5001702 0.4998297 0.5001702
S: 1 1 1

wall
T: 35.01999 -0.04312134 46.59999
R: -0.4998298 0.5001702 0.4998297 0.5001702
S: 1 1 1

wall
T: 21.13001 0.03502333 -49.2
R: -0.4998298 -0.5001702 -0.4998297 0.5001702
S: 1 1 1

wall
T: -0.8899956 0.03002763 -49.2
R: -0.4998298 -0.5001702 -0.4998297 0.5001702
S: 1 1 1

wall
T: -49.2 -0.008169174 -30.78
R: -0.7068661 0 0 0.7073474
S: 1 1 1

wall
T: 39.01999 -0.0458374 46.6
R: -0.4998298 0.5001702 0.4998297 0.5001702
S: 1 1 1

wall
T: 49.2 0 43
R: 0 0.7073474 0.7068661 0
S: 1 1 1

wall
T: 37.01999 -0.04447937 46.6
R: -0.4998298 0.5001702 0.4998297 0.5001702
S: 1 1 1

wall
T: 5.019993 -0.02269745 46.59999
R: -0.4998298 0.5001702 0.4998297 0.5001702
S: 1 1 1

wall
T: 15.13 0.03093874 -49.2
R: -0.4998298 -0.5001702 -0.4998297 0.5001702
S: 1 1 1

wall
T: -49.2 -0.01225281 -24.78001
R: -0.7068661 0 0 0.7073474
S: 1 1 1

wall
T: -36.88999 0.005520344 -49.2
R: -0.4998298 -0.5001702 -0.4998297 0.5001702
S: 1 1 1

wall
T: -40.6 -0.01000023 -18.6
R: -0.4997425 -0.5002574 -0.4997425 0.5002574
S: 1 1 1

wall
T: -23.00001 -0.01361847 46.59999
R: -0.4998298 0.5001702 0.4998297 0.5001702
S: 1 1 1

wall
T: -49.2 -0.01769829 -16.78001
R: -0.7068661 0 0 0.7073474
S: 1 1 1

wall
T: -49.2 -0.00544548 -34.78
R: -0.7068661 0 0 0.7073474
S: 1 1 1

wall
T: -44.88 -0.03000191 17.9
R: -0.4997425 0.5002574 0.4997425 0.5002574
S: 1 1 1

wall
T: -49.2 -0.01089287 -26.78001
R: -0.7068661 0 0 0.7073474
S: 1 1 1

wall
T: -41 -0.001358032 46.59999
R: -0.4998298 0.5001702 0.4998297 0.5001702
S: 1 1 1

wall
T: -49.2 -0.04039001 31.23998
R: -0.7068661 0 0 0.7073474
S: 1 1 1

wall
T: -49.2 -0.04447174 37.23998
R: -0.7068661 0 0 0.7073474
S: 1 1 1

wall
T: -36.6 -0.01000023 -18.6
R: -0.4997425 -0.5002574 -0.4997425 0.5002574
S: 1 1 1

wall
T: -49.2 -0.04174805 33.23998
R: -0.7068661 0 0 0.7073474
S: 1 1 1

wall
T: -38.6 -0.01000023 -18.6
R: -0.4997425 -0.5002574 -0.4997425 0.5002574
S: 1 1 1

wall
T: -34.88999 0.006881833 -49.19999
R: -0.4998298 -0.5001702 -0.4998297 0.5001702
S: 1 1 1

wall
T: 7.019989 -0.02406311 46.59999
R: -0.4998298 0.5001702 0.4998297 0.5001702
S: 1 1 1

wall
T: -49.2 -0.02450562 -6.780006
R: -0.7068661 0 0 0.7073474
S: 1 1 1

wall
T: 45.01999 -0.04992676 46.59999
R: -0.4998298 0.5001702 0.4998297 0.5001702
S: 1 1 1

wall
T: -49.2 -0.02814102 13.23999
R: -0.7068661 0 0 0.7073474
S: 1 1 1

wall
T: 35.13 0.04455388 -49.2
R: -0.4998298 -0.5001702 -0.4998297 0.5001702
S: 1 1 1

//////////////////////SkinnedObjects//////////////////////
Clown
T: -4.02 0.2 7.88
R: -0.7009093 0 0 0.7132505
S: 0.13 0.13 0.13

ClowncameraOffset
T: -7.751 2.332356 7.878215

Clown
T: -45.45 0.2 3.47
R: -0.7009093 0 0 0.7132505
S: 0.13 0.13 0.13

ClowncameraOffset
T: -49.181 2.332356 3.468215

Clown
T: -10.86 0.2 7.88
R: -0.7009093 0 0 0.7132505
S: 0.13 0.13 0.13

ClowncameraOffset
T: -14.591 2.332356 7.878215

Clown
T: -6.92 0.2 3.9
R: -0.7009093 0 0 0.7132505
S: 0.13 0.13 0.13

ClowncameraOffset
T: -10.651 2.332356 3.898215

Clown
T: 4.602 0.2 0
R: -0.7009093 0 0 0.7132505
S: 0.13 0.13 0.13

ClowncameraOffset
T: 0.8710003 2.332356 -0.001785517

Clown
T: 24.99 0.16 -29.88
R: -0.7009093 0 0 0.7132505
S: 0.13 0.13 0.13

ClowncameraOffset
T: 21.259 2.292356 -29.88178

//////////////////////MultiMaterialObjects//////////////////////
